#vtu   mu0 Hext(T)       J.h(T)      Jx(T)      Jy(T)      Jz(T)    e(J/m3) e_ms(J/m3) e_ex(J/m3) e_an(J/m3) e_ze(J/m3)
003  3.141590e-02  9.93697e-01  2.459e-03  9.937e-01 -4.685e-04 -1.968e+04  5.116e+03  4.342e+01  0.000e+00 -2.484e+04
000  3.091590e-02  9.93281e-01  2.503e-03  9.933e-01 -4.686e-04 -1.929e+04  5.104e+03  4.428e+01  0.000e+00 -2.444e+04
000  3.041590e-02  9.92854e-01  2.523e-03  9.929e-01 -4.686e-04 -1.889e+04  5.093e+03  4.516e+01  0.000e+00 -2.403e+04
000  2.991590e-02  9.92393e-01  2.541e-03  9.924e-01 -4.677e-04 -1.850e+04  5.081e+03  4.614e+01  0.000e+00 -2.363e+04
000  2.941590e-02  9.91916e-01  2.565e-03  9.919e-01 -4.680e-04 -1.810e+04  5.069e+03  4.711e+01  0.000e+00 -2.322e+04
000  2.891590e-02  9.91388e-01  2.592e-03  9.914e-01 -4.672e-04 -1.771e+04  5.056e+03  4.814e+01  0.000e+00 -2.281e+04
000  2.841590e-02  9.90884e-01  2.615e-03  9.909e-01 -4.672e-04 -1.731e+04  5.043e+03  4.914e+01  0.000e+00 -2.241e+04
000  2.791590e-02  9.90314e-01  2.642e-03  9.903e-01 -4.654e-04 -1.692e+04  5.029e+03  5.022e+01  0.000e+00 -2.200e+04
000  2.741590e-02  9.89718e-01  2.668e-03  9.897e-01 -4.658e-04 -1.653e+04  5.015e+03  5.129e+01  0.000e+00 -2.159e+04
000  2.691590e-02  9.89116e-01  2.695e-03  9.891e-01 -4.653e-04 -1.613e+04  5.001e+03  5.238e+01  0.000e+00 -2.119e+04
000  2.641590e-02  9.88441e-01  2.729e-03  9.884e-01 -4.652e-04 -1.574e+04  4.985e+03  5.360e+01  0.000e+00 -2.078e+04
000  2.591590e-02  9.87773e-01  2.758e-03  9.878e-01 -4.646e-04 -1.535e+04  4.970e+03  5.475e+01  0.000e+00 -2.037e+04
000  2.541590e-02  9.87048e-01  2.794e-03  9.870e-01 -4.638e-04 -1.495e+04  4.954e+03  5.596e+01  0.000e+00 -1.996e+04
000  2.491590e-02  9.86252e-01  2.833e-03  9.863e-01 -4.629e-04 -1.456e+04  4.937e+03  5.727e+01  0.000e+00 -1.955e+04
000  2.441590e-02  9.85480e-01  2.869e-03  9.855e-01 -4.627e-04 -1.417e+04  4.921e+03  5.849e+01  0.000e+00 -1.915e+04
000  2.391590e-02  9.84598e-01  2.912e-03  9.846e-01 -4.622e-04 -1.378e+04  4.902e+03  5.989e+01  0.000e+00 -1.874e+04
000  2.341590e-02  9.83711e-01  2.956e-03  9.837e-01 -4.615e-04 -1.338e+04  4.884e+03  6.120e+01  0.000e+00 -1.833e+04
000  2.291590e-02  9.82765e-01  3.005e-03  9.828e-01 -4.604e-04 -1.299e+04  4.865e+03  6.258e+01  0.000e+00 -1.792e+04
000  2.241590e-02  9.81746e-01  3.058e-03  9.817e-01 -4.598e-04 -1.260e+04  4.846e+03  6.399e+01  0.000e+00 -1.751e+04
000  2.191590e-02  9.80730e-01  3.111e-03  9.807e-01 -4.592e-04 -1.221e+04  4.826e+03  6.538e+01  0.000e+00 -1.710e+04
000  2.141590e-02  9.79583e-01  3.173e-03  9.796e-01 -4.588e-04 -1.182e+04  4.805e+03  6.689e+01  0.000e+00 -1.669e+04
000  2.091590e-02  9.78391e-01  3.240e-03  9.784e-01 -4.588e-04 -1.143e+04  4.784e+03  6.838e+01  0.000e+00 -1.628e+04
000  2.041590e-02  9.77164e-01  3.315e-03  9.772e-01 -4.565e-04 -1.104e+04  4.762e+03  6.987e+01  0.000e+00 -1.588e+04
000  1.991590e-02  9.75794e-01  3.400e-03  9.758e-01 -4.559e-04 -1.066e+04  4.738e+03  7.147e+01  0.000e+00 -1.546e+04
000  1.941590e-02  9.74389e-01  3.492e-03  9.744e-01 -4.562e-04 -1.027e+04  4.715e+03  7.307e+01  0.000e+00 -1.505e+04
000  1.891590e-02  9.72878e-01  3.599e-03  9.729e-01 -4.551e-04 -9.880e+03  4.690e+03  7.476e+01  0.000e+00 -1.464e+04
000  1.841590e-02  9.71263e-01  3.729e-03  9.713e-01 -4.549e-04 -9.493e+03  4.664e+03  7.644e+01  0.000e+00 -1.423e+04
000  1.791590e-02  9.69566e-01  3.867e-03  9.696e-01 -4.547e-04 -9.107e+03  4.638e+03  7.808e+01  0.000e+00 -1.382e+04
000  1.741590e-02  9.67590e-01  5.893e-03  9.676e-01 -4.351e-04 -8.722e+03  4.608e+03  7.986e+01  0.000e+00 -1.341e+04
000  1.691590e-02  9.65642e-01  6.118e-03  9.656e-01 -4.345e-04 -8.337e+03  4.580e+03  8.170e+01  0.000e+00 -1.300e+04
000  1.641590e-02  9.63511e-01  6.793e-03  9.635e-01 -4.320e-04 -7.953e+03  4.550e+03  8.346e+01  0.000e+00 -1.259e+04
000  1.591590e-02  9.61257e-01  7.058e-03  9.613e-01 -4.299e-04 -7.570e+03  4.519e+03  8.542e+01  0.000e+00 -1.217e+04
000  1.541590e-02  9.58874e-01  7.561e-03  9.589e-01 -4.315e-04 -7.188e+03  4.487e+03  8.731e+01  0.000e+00 -1.176e+04
000  1.491590e-02  9.56160e-01  7.485e-03  9.562e-01 -4.269e-04 -6.807e+03  4.452e+03  8.982e+01  0.000e+00 -1.135e+04
000  1.441590e-02  9.53416e-01  7.581e-03  9.534e-01 -4.259e-04 -6.428e+03  4.418e+03  9.186e+01  0.000e+00 -1.094e+04
000  1.391590e-02  9.50304e-01  7.610e-03  9.503e-01 -4.241e-04 -6.049e+03  4.380e+03  9.465e+01  0.000e+00 -1.052e+04
000  1.341590e-02  9.47028e-01  7.770e-03  9.470e-01 -4.219e-04 -5.671e+03  4.342e+03  9.697e+01  0.000e+00 -1.011e+04
000  1.291590e-02  9.43529e-01  8.320e-03  9.435e-01 -4.207e-04 -5.295e+03  4.303e+03  9.960e+01  0.000e+00 -9.698e+03
000  1.241590e-02  9.39736e-01  8.817e-03  9.397e-01 -4.188e-04 -4.921e+03  4.262e+03  1.023e+02  0.000e+00 -9.285e+03
000  1.191590e-02  9.35452e-01  9.583e-03  9.355e-01 -4.180e-04 -4.548e+03  4.218e+03  1.051e+02  0.000e+00 -8.870e+03
000  1.141590e-02  9.30925e-01  1.072e-02  9.309e-01 -4.155e-04 -4.176e+03  4.173e+03  1.082e+02  0.000e+00 -8.457e+03
000  1.091590e-02  9.25854e-01  1.182e-02  9.259e-01 -4.134e-04 -3.807e+03  4.124e+03  1.114e+02  0.000e+00 -8.043e+03
000  1.041590e-02  9.20421e-01  1.389e-02  9.204e-01 -4.121e-04 -3.440e+03  4.075e+03  1.148e+02  0.000e+00 -7.629e+03
000  9.915900e-03  9.14233e-01  1.698e-02  9.142e-01 -4.100e-04 -3.075e+03  4.021e+03  1.187e+02  0.000e+00 -7.214e+03
000  9.415900e-03  9.07298e-01  2.139e-02  9.073e-01 -4.084e-04 -2.712e+03  3.963e+03  1.231e+02  0.000e+00 -6.798e+03
000  8.915900e-03  8.99373e-01  2.662e-02  8.994e-01 -4.061e-04 -2.353e+03  3.900e+03  1.280e+02  0.000e+00 -6.381e+03
000  8.415900e-03  8.88355e-01  4.751e-02  8.884e-01 -4.032e-04 -1.997e+03  3.817e+03  1.355e+02  0.000e+00 -5.949e+03
000  7.915900e-03  8.70208e-01  8.475e-02  8.702e-01 -3.983e-04 -1.647e+03  3.688e+03  1.470e+02  0.000e+00 -5.482e+03
000  7.415900e-03  8.42501e-01  1.303e-01  8.425e-01 -3.902e-04 -1.306e+03  3.505e+03  1.614e+02  0.000e+00 -4.972e+03
000  6.915900e-03  8.11965e-01  1.649e-01  8.120e-01 -3.779e-04 -9.769e+02  3.310e+03  1.821e+02  0.000e+00 -4.469e+03
000  6.415900e-03  7.82598e-01  1.910e-01  7.826e-01 -3.665e-04 -6.597e+02  3.131e+03  2.048e+02  0.000e+00 -3.996e+03
000  5.915900e-03  7.53846e-01  2.146e-01  7.538e-01 -3.578e-04 -3.541e+02  2.967e+03  2.277e+02  0.000e+00 -3.549e+03
000  5.415900e-03  7.20816e-01  2.461e-01  7.208e-01 -3.585e-04 -6.060e+01  2.792e+03  2.535e+02  0.000e+00 -3.107e+03
000  4.915900e-03  6.89415e-01  2.671e-01  6.894e-01 -3.549e-04  2.199e+02  2.635e+03  2.822e+02  0.000e+00 -2.697e+03
000  4.415900e-03  6.58216e-01  2.872e-01  6.582e-01 -3.509e-04  4.880e+02  2.491e+03  3.105e+02  0.000e+00 -2.313e+03
000  3.915900e-03  6.25597e-01  3.084e-01  6.256e-01 -3.453e-04  7.434e+02  2.353e+03  3.399e+02  0.000e+00 -1.949e+03
000  3.415900e-03  5.93511e-01  3.256e-01  5.935e-01 -3.361e-04  9.858e+02  2.228e+03  3.711e+02  0.000e+00 -1.613e+03
004  2.915900e-03  4.36798e-01  5.317e-01  4.368e-01 -3.299e-04  9.011e+02  1.702e+03  2.122e+02  0.000e+00 -1.014e+03
000  2.415900e-03  3.98299e-01  5.375e-01  3.983e-01 -3.135e-04  1.067e+03  1.600e+03  2.328e+02  0.000e+00 -7.657e+02
000  1.915900e-03  3.59839e-01  5.434e-01  3.598e-01 -2.968e-04  1.218e+03  1.512e+03  2.544e+02  0.000e+00 -5.486e+02
000  1.415900e-03  3.21992e-01  5.462e-01  3.220e-01 -2.801e-04  1.354e+03  1.440e+03  2.769e+02  0.000e+00 -3.628e+02
000  9.159000e-04  2.84164e-01  5.504e-01  2.842e-01 -2.650e-04  1.474e+03  1.382e+03  2.998e+02  0.000e+00 -2.071e+02
000  4.159000e-04  2.46168e-01  5.554e-01  2.462e-01 -2.524e-04  1.580e+03  1.339e+03  3.222e+02  0.000e+00 -8.147e+01
000 -8.410000e-05 -1.02926e-02  1.001e+00 -1.029e-02 -1.119e-04  1.050e+03  1.045e+03  6.227e+00  0.000e+00 -6.888e-01
005 -5.841000e-04 -6.77553e-02  9.979e-01 -6.776e-02 -8.608e-05  1.035e+03  1.060e+03  6.631e+00  0.000e+00 -3.149e+01
000 -1.084100e-03 -1.25110e-01  9.908e-01 -1.251e-01 -5.889e-05  9.964e+02  1.097e+03  7.522e+00  0.000e+00 -1.079e+02
000 -1.584100e-03 -1.82154e-01  9.796e-01 -1.822e-01 -3.140e-05  9.351e+02  1.156e+03  8.915e+00  0.000e+00 -2.296e+02
000 -2.084100e-03 -2.39379e-01  9.639e-01 -2.394e-01 -3.211e-06  8.512e+02  1.237e+03  1.090e+01  0.000e+00 -3.970e+02
000 -2.584100e-03 -2.95865e-01  9.438e-01 -2.959e-01  2.576e-05  7.447e+02  1.340e+03  1.353e+01  0.000e+00 -6.084e+02
000 -3.084100e-03 -3.51975e-01  9.188e-01 -3.520e-01  5.489e-05  6.158e+02  1.463e+03  1.698e+01  0.000e+00 -8.638e+02
000 -3.584100e-03 -4.07333e-01  8.885e-01 -4.073e-01  8.320e-05  4.647e+02  1.605e+03  2.146e+01  0.000e+00 -1.162e+03
000 -4.084100e-03 -4.61665e-01  8.524e-01 -4.617e-01  1.109e-04  2.917e+02  1.765e+03  2.714e+01  0.000e+00 -1.500e+03
000 -4.584100e-03 -5.14283e-01  8.101e-01 -5.143e-01  1.382e-04  9.749e+01  1.939e+03  3.454e+01  0.000e+00 -1.876e+03
000 -5.084100e-03 -5.64482e-01  7.623e-01 -5.645e-01  1.632e-04 -1.173e+02  2.123e+03  4.367e+01  0.000e+00 -2.284e+03
006 -5.584100e-03 -6.11072e-01  7.111e-01 -6.111e-01  1.859e-04 -3.513e+02  2.310e+03  5.416e+01  0.000e+00 -2.715e+03
000 -6.084100e-03 -6.52642e-01  6.594e-01 -6.526e-01  2.083e-04 -6.028e+02  2.492e+03  6.540e+01  0.000e+00 -3.160e+03
000 -6.584100e-03 -6.87987e-01  6.128e-01 -6.880e-01  2.305e-04 -8.697e+02  2.660e+03  7.531e+01  0.000e+00 -3.605e+03
000 -7.084100e-03 -7.18235e-01  5.714e-01 -7.182e-01  2.486e-04 -1.150e+03  2.816e+03  8.371e+01  0.000e+00 -4.049e+03
000 -7.584100e-03 -7.44052e-01  5.360e-01 -7.441e-01  2.654e-04 -1.441e+03  2.960e+03  9.020e+01  0.000e+00 -4.491e+03
000 -8.084100e-03 -7.67233e-01  5.034e-01 -7.672e-01  2.806e-04 -1.741e+03  3.099e+03  9.565e+01  0.000e+00 -4.936e+03
000 -8.584100e-03 -7.87116e-01  4.755e-01 -7.871e-01  2.935e-04 -2.050e+03  3.227e+03  9.995e+01  0.000e+00 -5.377e+03
000 -9.084100e-03 -8.06218e-01  4.473e-01 -8.062e-01  3.061e-04 -2.367e+03  3.356e+03  1.050e+02  0.000e+00 -5.828e+03
000 -9.584100e-03 -8.22394e-01  4.237e-01 -8.224e-01  3.164e-04 -2.691e+03  3.472e+03  1.085e+02  0.000e+00 -6.272e+03
000 -1.008410e-02 -8.37763e-01  3.998e-01 -8.378e-01  3.259e-04 -3.022e+03  3.588e+03  1.129e+02  0.000e+00 -6.723e+03
000 -1.058410e-02 -8.51458e-01  3.781e-01 -8.515e-01  3.358e-04 -3.358e+03  3.697e+03  1.167e+02  0.000e+00 -7.171e+03
000 -1.108410e-02 -8.63805e-01  3.583e-01 -8.638e-01  3.443e-04 -3.699e+03  3.801e+03  1.198e+02  0.000e+00 -7.619e+03
000 -1.158410e-02 -8.75188e-01  3.396e-01 -8.752e-01  3.536e-04 -4.045e+03  3.901e+03  1.222e+02  0.000e+00 -8.068e+03
000 -1.208410e-02 -8.85507e-01  3.225e-01 -8.855e-01  3.615e-04 -4.395e+03  3.996e+03  1.241e+02  0.000e+00 -8.515e+03
000 -1.258410e-02 -8.95152e-01  3.062e-01 -8.952e-01  3.698e-04 -4.749e+03  4.089e+03  1.255e+02  0.000e+00 -8.964e+03
000 -1.308410e-02 -9.04577e-01  2.897e-01 -9.046e-01  3.788e-04 -5.107e+03  4.184e+03  1.268e+02  0.000e+00 -9.418e+03
000 -1.358410e-02 -9.13170e-01  2.746e-01 -9.132e-01  3.871e-04 -5.469e+03  4.276e+03  1.268e+02  0.000e+00 -9.871e+03
000 -1.408410e-02 -9.21892e-01  2.591e-01 -9.219e-01  3.975e-04 -5.834e+03  4.372e+03  1.260e+02  0.000e+00 -1.033e+04
000 -1.458410e-02 -9.31070e-01  2.428e-01 -9.311e-01  4.072e-04 -6.202e+03  4.481e+03  1.227e+02  0.000e+00 -1.081e+04
000 -1.508410e-02 -9.56881e-01  2.595e-03 -9.569e-01  4.491e-04 -6.937e+03  4.459e+03  9.033e+01  0.000e+00 -1.149e+04
000 -1.558410e-02 -9.59384e-01  2.404e-03 -9.594e-01  4.500e-04 -7.318e+03  4.492e+03  8.838e+01  0.000e+00 -1.190e+04
000 -1.608410e-02 -9.61768e-01  1.848e-03 -9.618e-01  4.510e-04 -7.700e+03  4.524e+03  8.623e+01  0.000e+00 -1.231e+04
000 -1.658410e-02 -9.63986e-01  1.750e-03 -9.640e-01  4.517e-04 -8.083e+03  4.555e+03  8.430e+01  0.000e+00 -1.272e+04
000 -1.708410e-02 -9.66064e-01  1.082e-03 -9.661e-01  4.518e-04 -8.467e+03  4.584e+03  8.229e+01  0.000e+00 -1.313e+04
000 -1.758410e-02 -9.67999e-01  9.847e-04 -9.680e-01  4.527e-04 -8.852e+03  4.613e+03  8.048e+01  0.000e+00 -1.355e+04
000 -1.808410e-02 -9.69797e-01  6.048e-04 -9.698e-01  4.555e-04 -9.237e+03  4.640e+03  7.872e+01  0.000e+00 -1.396e+04
000 -1.858410e-02 -9.71532e-01  5.314e-04 -9.715e-01  4.552e-04 -9.624e+03  4.667e+03  7.690e+01  0.000e+00 -1.437e+04
000 -1.908410e-02 -9.73054e-01  1.685e-04 -9.731e-01  4.548e-04 -1.001e+04  4.692e+03  7.535e+01  0.000e+00 -1.478e+04
000 -1.958410e-02 -9.74558e-01  1.079e-04 -9.746e-01  4.561e-04 -1.040e+04  4.716e+03  7.360e+01  0.000e+00 -1.519e+04
000 -2.008410e-02 -9.76019e-01 -3.787e-04 -9.760e-01  4.577e-04 -1.079e+04  4.741e+03  7.188e+01  0.000e+00 -1.560e+04
000 -2.058410e-02 -9.77364e-01 -4.274e-04 -9.774e-01  4.587e-04 -1.117e+04  4.765e+03  7.022e+01  0.000e+00 -1.601e+04
000 -2.108410e-02 -9.78608e-01 -4.907e-04 -9.786e-01  4.589e-04 -1.156e+04  4.787e+03  6.877e+01  0.000e+00 -1.642e+04
000 -2.158410e-02 -9.79850e-01 -1.321e-03 -9.798e-01  4.609e-04 -1.195e+04  4.810e+03  6.692e+01  0.000e+00 -1.683e+04
000 -2.208410e-02 -9.81006e-01 -1.352e-03 -9.810e-01  4.615e-04 -1.234e+04  4.831e+03  6.552e+01  0.000e+00 -1.724e+04
000 -2.258410e-02 -9.82108e-01 -2.330e-03 -9.821e-01  4.624e-04 -1.273e+04  4.852e+03  6.370e+01  0.000e+00 -1.765e+04
000 -2.308410e-02 -9.83076e-01 -2.327e-03 -9.831e-01  4.633e-04 -1.313e+04  4.871e+03  6.235e+01  0.000e+00 -1.806e+04
000 -2.358410e-02 -9.84020e-01 -2.319e-03 -9.840e-01  4.638e-04 -1.352e+04  4.890e+03  6.092e+01  0.000e+00 -1.847e+04
000 -2.408410e-02 -9.84898e-01 -2.332e-03 -9.849e-01  4.642e-04 -1.391e+04  4.908e+03  5.967e+01  0.000e+00 -1.888e+04
000 -2.458410e-02 -9.85749e-01 -2.359e-03 -9.857e-01  4.646e-04 -1.430e+04  4.926e+03  5.826e+01  0.000e+00 -1.928e+04
000 -2.508410e-02 -9.86532e-01 -2.396e-03 -9.865e-01  4.647e-04 -1.469e+04  4.943e+03  5.699e+01  0.000e+00 -1.969e+04
000 -2.558410e-02 -9.87286e-01 -2.438e-03 -9.873e-01  4.645e-04 -1.509e+04  4.959e+03  5.574e+01  0.000e+00 -2.010e+04
000 -2.608410e-02 -9.87990e-01 -2.462e-03 -9.880e-01  4.645e-04 -1.548e+04  4.975e+03  5.459e+01  0.000e+00 -2.051e+04
000 -2.658410e-02 -9.88680e-01 -2.478e-03 -9.887e-01  4.654e-04 -1.587e+04  4.991e+03  5.335e+01  0.000e+00 -2.092e+04
000 -2.708410e-02 -9.89322e-01 -2.482e-03 -9.893e-01  4.651e-04 -1.627e+04  5.006e+03  5.217e+01  0.000e+00 -2.132e+04
000 -2.758410e-02 -9.89929e-01 -2.486e-03 -9.899e-01  4.658e-04 -1.666e+04  5.020e+03  5.106e+01  0.000e+00 -2.173e+04
000 -2.808410e-02 -9.90485e-01 -2.477e-03 -9.905e-01  4.664e-04 -1.705e+04  5.033e+03  4.999e+01  0.000e+00 -2.214e+04
000 -2.858410e-02 -9.91068e-01 -2.474e-03 -9.911e-01  4.667e-04 -1.745e+04  5.047e+03  4.892e+01  0.000e+00 -2.254e+04
000 -2.908410e-02 -9.91560e-01 -2.460e-03 -9.916e-01  4.674e-04 -1.784e+04  5.060e+03  4.787e+01  0.000e+00 -2.295e+04
000 -2.958410e-02 -9.92086e-01 -2.446e-03 -9.921e-01  4.661e-04 -1.824e+04  5.073e+03  4.687e+01  0.000e+00 -2.336e+04
000 -3.008410e-02 -9.92560e-01 -2.435e-03 -9.926e-01  4.664e-04 -1.863e+04  5.085e+03  4.592e+01  0.000e+00 -2.376e+04
000 -3.058410e-02 -9.92990e-01 -2.420e-03 -9.930e-01  4.673e-04 -1.903e+04  5.097e+03  4.499e+01  0.000e+00 -2.417e+04
007 -3.108410e-02 -9.93420e-01 -2.403e-03 -9.934e-01  4.681e-04 -1.942e+04  5.108e+03  4.409e+01  0.000e+00 -2.457e+04
