#vtu   mu0 Hext(T)       J.h(T)      Jx(T)      Jy(T)      Jz(T)    e(J/m3) e_ms(J/m3) e_ex(J/m3) e_an(J/m3) e_ze(J/m3)
008 -3.141590e-02 -9.93260e-01 -1.408e-02 -9.932e-01  2.704e-04 -1.952e+04  5.272e+03  4.116e+01  0.000e+00 -2.483e+04
000 -3.136590e-02 -9.93260e-01 -1.408e-02 -9.932e-01  2.704e-04 -1.948e+04  5.272e+03  4.116e+01  0.000e+00 -2.479e+04
000 -3.131590e-02 -9.93260e-01 -1.408e-02 -9.932e-01  2.704e-04 -1.944e+04  5.272e+03  4.116e+01  0.000e+00 -2.475e+04
000 -3.126590e-02 -9.93137e-01 -1.407e-02 -9.930e-01  2.691e-04 -1.940e+04  5.269e+03  4.137e+01  0.000e+00 -2.471e+04
000 -3.121590e-02 -9.93137e-01 -1.407e-02 -9.930e-01  2.691e-04 -1.936e+04  5.269e+03  4.137e+01  0.000e+00 -2.467e+04
000 -3.116590e-02 -9.93137e-01 -1.407e-02 -9.930e-01  2.691e-04 -1.932e+04  5.269e+03  4.137e+01  0.000e+00 -2.463e+04
000 -3.111590e-02 -9.92995e-01 -1.407e-02 -9.929e-01  2.685e-04 -1.928e+04  5.265e+03  4.165e+01  0.000e+00 -2.459e+04
000 -3.106590e-02 -9.92995e-01 -1.407e-02 -9.929e-01  2.685e-04 -1.924e+04  5.265e+03  4.165e+01  0.000e+00 -2.455e+04
000 -3.101590e-02 -9.92995e-01 -1.407e-02 -9.929e-01  2.685e-04 -1.920e+04  5.265e+03  4.165e+01  0.000e+00 -2.451e+04
000 -3.096590e-02 -9.92995e-01 -1.407e-02 -9.929e-01  2.685e-04 -1.916e+04  5.265e+03  4.165e+01  0.000e+00 -2.447e+04
000 -3.091590e-02 -9.92844e-01 -1.408e-02 -9.928e-01  2.675e-04 -1.912e+04  5.261e+03  4.200e+01  0.000e+00 -2.443e+04
000 -3.086590e-02 -9.92844e-01 -1.408e-02 -9.928e-01  2.675e-04 -1.908e+04  5.261e+03  4.200e+01  0.000e+00 -2.439e+04
000 -3.081590e-02 -9.92746e-01 -1.408e-02 -9.927e-01  2.714e-04 -1.904e+04  5.258e+03  4.212e+01  0.000e+00 -2.434e+04
000 -3.076590e-02 -9.92746e-01 -1.408e-02 -9.927e-01  2.714e-04 -1.900e+04  5.258e+03  4.212e+01  0.000e+00 -2.431e+04
000 -3.071590e-02 -9.92746e-01 -1.408e-02 -9.927e-01  2.714e-04 -1.897e+04  5.258e+03  4.212e+01  0.000e+00 -2.427e+04
000 -3.066590e-02 -9.92605e-01 -1.410e-02 -9.925e-01  2.681e-04 -1.893e+04  5.255e+03  4.246e+01  0.000e+00 -2.422e+04
000 -3.061590e-02 -9.92605e-01 -1.410e-02 -9.925e-01  2.681e-04 -1.889e+04  5.255e+03  4.246e+01  0.000e+00 -2.418e+04
000 -3.056590e-02 -9.92605e-01 -1.410e-02 -9.925e-01  2.681e-04 -1.885e+04  5.255e+03  4.246e+01  0.000e+00 -2.414e+04
000 -3.051590e-02 -9.92463e-01 -1.412e-02 -9.924e-01  2.687e-04 -1.881e+04  5.251e+03  4.268e+01  0.000e+00 -2.410e+04
000 -3.046590e-02 -9.92463e-01 -1.412e-02 -9.924e-01  2.687e-04 -1.877e+04  5.251e+03  4.268e+01  0.000e+00 -2.406e+04
000 -3.041590e-02 -9.92463e-01 -1.412e-02 -9.924e-01  2.687e-04 -1.873e+04  5.251e+03  4.268e+01  0.000e+00 -2.402e+04
000 -3.036590e-02 -9.92463e-01 -1.412e-02 -9.924e-01  2.687e-04 -1.869e+04  5.251e+03  4.268e+01  0.000e+00 -2.398e+04
000 -3.031590e-02 -9.92271e-01 -1.414e-02 -9.922e-01  2.692e-04 -1.865e+04  5.246e+03  4.314e+01  0.000e+00 -2.394e+04
000 -3.026590e-02 -9.92271e-01 -1.414e-02 -9.922e-01  2.692e-04 -1.861e+04  5.246e+03  4.314e+01  0.000e+00 -2.390e+04
000 -3.021590e-02 -9.92271e-01 -1.414e-02 -9.922e-01  2.692e-04 -1.857e+04  5.246e+03  4.314e+01  0.000e+00 -2.386e+04
000 -3.016590e-02 -9.92271e-01 -1.414e-02 -9.922e-01  2.692e-04 -1.853e+04  5.246e+03  4.314e+01  0.000e+00 -2.382e+04
000 -3.011590e-02 -9.92087e-01 -1.417e-02 -9.920e-01  2.688e-04 -1.849e+04  5.241e+03  4.344e+01  0.000e+00 -2.378e+04
000 -3.006590e-02 -9.92087e-01 -1.417e-02 -9.920e-01  2.688e-04 -1.845e+04  5.241e+03  4.344e+01  0.000e+00 -2.374e+04
000 -3.001590e-02 -9.92087e-01 -1.417e-02 -9.920e-01  2.688e-04 -1.841e+04  5.241e+03  4.344e+01  0.000e+00 -2.370e+04
000 -2.996590e-02 -9.91973e-01 -1.418e-02 -9.919e-01  2.696e-04 -1.837e+04  5.238e+03  4.372e+01  0.000e+00 -2.365e+04
000 -2.991590e-02 -9.91973e-01 -1.418e-02 -9.919e-01  2.696e-04 -1.833e+04  5.238e+03  4.372e+01  0.000e+00 -2.362e+04
000 -2.986590e-02 -9.91973e-01 -1.418e-02 -9.919e-01  2.696e-04 -1.829e+04  5.238e+03  4.372e+01  0.000e+00 -2.358e+04
000 -2.981590e-02 -9.91789e-01 -1.421e-02 -9.917e-01  2.698e-04 -1.825e+04  5.233e+03  4.400e+01  0.000e+00 -2.353e+04
000 -2.976590e-02 -9.91789e-01 -1.421e-02 -9.917e-01  2.698e-04 -1.822e+04  5.233e+03  4.400e+01  0.000e+00 -2.349e+04
000 -2.971590e-02 -9.91789e-01 -1.421e-02 -9.917e-01  2.698e-04 -1.818e+04  5.233e+03  4.400e+01  0.000e+00 -2.345e+04
000 -2.966590e-02 -9.91789e-01 -1.421e-02 -9.917e-01  2.698e-04 -1.814e+04  5.233e+03  4.400e+01  0.000e+00 -2.341e+04
000 -2.961590e-02 -9.91588e-01 -1.424e-02 -9.915e-01  2.675e-04 -1.810e+04  5.228e+03  4.447e+01  0.000e+00 -2.337e+04
000 -2.956590e-02 -9.91588e-01 -1.424e-02 -9.915e-01  2.675e-04 -1.806e+04  5.228e+03  4.447e+01  0.000e+00 -2.333e+04
000 -2.951590e-02 -9.91588e-01 -1.424e-02 -9.915e-01  2.675e-04 -1.802e+04  5.228e+03  4.447e+01  0.000e+00 -2.329e+04
000 -2.946590e-02 -9.91588e-01 -1.424e-02 -9.915e-01  2.675e-04 -1.798e+04  5.228e+03  4.447e+01  0.000e+00 -2.325e+04
000 -2.941590e-02 -9.91380e-01 -1.427e-02 -9.913e-01  2.694e-04 -1.794e+04  5.223e+03  4.481e+01  0.000e+00 -2.321e+04
000 -2.936590e-02 -9.91380e-01 -1.427e-02 -9.913e-01  2.694e-04 -1.790e+04  5.223e+03  4.481e+01  0.000e+00 -2.317e+04
000 -2.931590e-02 -9.91380e-01 -1.427e-02 -9.913e-01  2.694e-04 -1.786e+04  5.223e+03  4.481e+01  0.000e+00 -2.313e+04
000 -2.926590e-02 -9.91222e-01 -1.429e-02 -9.911e-01  2.691e-04 -1.782e+04  5.219e+03  4.508e+01  0.000e+00 -2.308e+04
000 -2.921590e-02 -9.91222e-01 -1.429e-02 -9.911e-01  2.691e-04 -1.778e+04  5.219e+03  4.508e+01  0.000e+00 -2.305e+04
000 -2.916590e-02 -9.91222e-01 -1.429e-02 -9.911e-01  2.691e-04 -1.774e+04  5.219e+03  4.508e+01  0.000e+00 -2.301e+04
000 -2.911590e-02 -9.91078e-01 -1.432e-02 -9.910e-01  2.681e-04 -1.770e+04  5.215e+03  4.543e+01  0.000e+00 -2.296e+04
000 -2.906590e-02 -9.91078e-01 -1.432e-02 -9.910e-01  2.681e-04 -1.766e+04  5.215e+03  4.543e+01  0.000e+00 -2.292e+04
000 -2.901590e-02 -9.91078e-01 -1.432e-02 -9.910e-01  2.681e-04 -1.762e+04  5.215e+03  4.543e+01  0.000e+00 -2.288e+04
000 -2.896590e-02 -9.90935e-01 -1.434e-02 -9.908e-01  2.682e-04 -1.758e+04  5.212e+03  4.566e+01  0.000e+00 -2.284e+04
000 -2.891590e-02 -9.90935e-01 -1.434e-02 -9.908e-01  2.682e-04 -1.754e+04  5.212e+03  4.566e+01  0.000e+00 -2.280e+04
000 -2.886590e-02 -9.90935e-01 -1.434e-02 -9.908e-01  2.682e-04 -1.751e+04  5.212e+03  4.566e+01  0.000e+00 -2.276e+04
000 -2.881590e-02 -9.90748e-01 -1.437e-02 -9.907e-01  2.682e-04 -1.747e+04  5.207e+03  4.599e+01  0.000e+00 -2.272e+04
000 -2.876590e-02 -9.90748e-01 -1.437e-02 -9.907e-01  2.682e-04 -1.743e+04  5.207e+03  4.599e+01  0.000e+00 -2.268e+04
000 -2.871590e-02 -9.90748e-01 -1.437e-02 -9.907e-01  2.682e-04 -1.739e+04  5.207e+03  4.599e+01  0.000e+00 -2.264e+04
000 -2.866590e-02 -9.90583e-01 -1.440e-02 -9.905e-01  2.687e-04 -1.735e+04  5.203e+03  4.633e+01  0.000e+00 -2.260e+04
000 -2.861590e-02 -9.90583e-01 -1.440e-02 -9.905e-01  2.687e-04 -1.731e+04  5.203e+03  4.633e+01  0.000e+00 -2.256e+04
000 -2.856590e-02 -9.90583e-01 -1.440e-02 -9.905e-01  2.687e-04 -1.727e+04  5.203e+03  4.633e+01  0.000e+00 -2.252e+04
000 -2.851590e-02 -9.90415e-01 -1.443e-02 -9.903e-01  2.671e-04 -1.723e+04  5.199e+03  4.662e+01  0.000e+00 -2.247e+04
000 -2.846590e-02 -9.90415e-01 -1.443e-02 -9.903e-01  2.671e-04 -1.719e+04  5.199e+03  4.662e+01  0.000e+00 -2.244e+04
000 -2.841590e-02 -9.90415e-01 -1.443e-02 -9.903e-01  2.671e-04 -1.715e+04  5.199e+03  4.662e+01  0.000e+00 -2.240e+04
000 -2.836590e-02 -9.90241e-01 -1.446e-02 -9.901e-01  2.685e-04 -1.711e+04  5.195e+03  4.696e+01  0.000e+00 -2.235e+04
000 -2.831590e-02 -9.90241e-01 -1.446e-02 -9.901e-01  2.685e-04 -1.707e+04  5.195e+03  4.696e+01  0.000e+00 -2.231e+04
000 -2.826590e-02 -9.90241e-01 -1.446e-02 -9.901e-01  2.685e-04 -1.703e+04  5.195e+03  4.696e+01  0.000e+00 -2.227e+04
000 -2.821590e-02 -9.90055e-01 -1.449e-02 -9.900e-01  2.669e-04 -1.699e+04  5.190e+03  4.725e+01  0.000e+00 -2.223e+04
000 -2.816590e-02 -9.90055e-01 -1.449e-02 -9.900e-01  2.670e-04 -1.695e+04  5.190e+03  4.725e+01  0.000e+00 -2.219e+04
000 -2.811590e-02 -9.90011e-01 -1.450e-02 -9.899e-01  2.667e-04 -1.691e+04  5.189e+03  4.737e+01  0.000e+00 -2.215e+04
000 -2.806590e-02 -9.90011e-01 -1.450e-02 -9.899e-01  2.667e-04 -1.687e+04  5.189e+03  4.737e+01  0.000e+00 -2.211e+04
000 -2.801590e-02 -9.89827e-01 -1.453e-02 -9.897e-01  2.681e-04 -1.684e+04  5.185e+03  4.772e+01  0.000e+00 -2.207e+04
000 -2.796590e-02 -9.89827e-01 -1.453e-02 -9.897e-01  2.681e-04 -1.680e+04  5.185e+03  4.772e+01  0.000e+00 -2.203e+04
000 -2.791590e-02 -9.89827e-01 -1.453e-02 -9.897e-01  2.681e-04 -1.676e+04  5.185e+03  4.772e+01  0.000e+00 -2.199e+04
000 -2.786590e-02 -9.89636e-01 -1.457e-02 -9.895e-01  2.674e-04 -1.672e+04  5.180e+03  4.804e+01  0.000e+00 -2.195e+04
000 -2.781590e-02 -9.89636e-01 -1.457e-02 -9.895e-01  2.674e-04 -1.668e+04  5.180e+03  4.804e+01  0.000e+00 -2.191e+04
000 -2.776590e-02 -9.89636e-01 -1.457e-02 -9.895e-01  2.674e-04 -1.664e+04  5.180e+03  4.804e+01  0.000e+00 -2.187e+04
000 -2.771590e-02 -9.89492e-01 -1.459e-02 -9.894e-01  2.681e-04 -1.660e+04  5.177e+03  4.831e+01  0.000e+00 -2.182e+04
000 -2.766590e-02 -9.89492e-01 -1.459e-02 -9.894e-01  2.681e-04 -1.656e+04  5.177e+03  4.831e+01  0.000e+00 -2.178e+04
000 -2.761590e-02 -9.89349e-01 -1.462e-02 -9.893e-01  2.675e-04 -1.652e+04  5.173e+03  4.853e+01  0.000e+00 -2.174e+04
000 -2.756590e-02 -9.89349e-01 -1.462e-02 -9.893e-01  2.675e-04 -1.648e+04  5.173e+03  4.853e+01  0.000e+00 -2.170e+04
000 -2.751590e-02 -9.89349e-01 -1.462e-02 -9.893e-01  2.675e-04 -1.644e+04  5.173e+03  4.853e+01  0.000e+00 -2.166e+04
000 -2.746590e-02 -9.89151e-01 -1.466e-02 -9.891e-01  2.675e-04 -1.640e+04  5.168e+03  4.891e+01  0.000e+00 -2.162e+04
000 -2.741590e-02 -9.89151e-01 -1.466e-02 -9.891e-01  2.675e-04 -1.636e+04  5.168e+03  4.891e+01  0.000e+00 -2.158e+04
000 -2.736590e-02 -9.89151e-01 -1.466e-02 -9.891e-01  2.675e-04 -1.632e+04  5.168e+03  4.891e+01  0.000e+00 -2.154e+04
000 -2.731590e-02 -9.88951e-01 -1.470e-02 -9.889e-01  2.666e-04 -1.628e+04  5.164e+03  4.925e+01  0.000e+00 -2.150e+04
000 -2.726590e-02 -9.88951e-01 -1.470e-02 -9.889e-01  2.666e-04 -1.624e+04  5.164e+03  4.925e+01  0.000e+00 -2.146e+04
000 -2.721590e-02 -9.88951e-01 -1.470e-02 -9.889e-01  2.666e-04 -1.621e+04  5.164e+03  4.925e+01  0.000e+00 -2.142e+04
000 -2.716590e-02 -9.88752e-01 -1.474e-02 -9.887e-01  2.669e-04 -1.617e+04  5.159e+03  4.959e+01  0.000e+00 -2.137e+04
000 -2.711590e-02 -9.88752e-01 -1.474e-02 -9.887e-01  2.669e-04 -1.613e+04  5.159e+03  4.959e+01  0.000e+00 -2.134e+04
000 -2.706590e-02 -9.88752e-01 -1.474e-02 -9.887e-01  2.669e-04 -1.609e+04  5.159e+03  4.959e+01  0.000e+00 -2.130e+04
000 -2.701590e-02 -9.88567e-01 -1.478e-02 -9.885e-01  2.670e-04 -1.605e+04  5.155e+03  4.990e+01  0.000e+00 -2.125e+04
000 -2.696590e-02 -9.88567e-01 -1.478e-02 -9.885e-01  2.670e-04 -1.601e+04  5.155e+03  4.990e+01  0.000e+00 -2.121e+04
000 -2.691590e-02 -9.88567e-01 -1.478e-02 -9.885e-01  2.671e-04 -1.597e+04  5.155e+03  4.990e+01  0.000e+00 -2.117e+04
000 -2.686590e-02 -9.88364e-01 -1.482e-02 -9.883e-01  2.665e-04 -1.593e+04  5.150e+03  5.028e+01  0.000e+00 -2.113e+04
000 -2.681590e-02 -9.88364e-01 -1.482e-02 -9.883e-01  2.665e-04 -1.589e+04  5.150e+03  5.028e+01  0.000e+00 -2.109e+04
000 -2.676590e-02 -9.88364e-01 -1.482e-02 -9.883e-01  2.665e-04 -1.585e+04  5.150e+03  5.028e+01  0.000e+00 -2.105e+04
000 -2.671590e-02 -9.88174e-01 -1.486e-02 -9.881e-01  2.660e-04 -1.581e+04  5.146e+03  5.060e+01  0.000e+00 -2.101e+04
000 -2.666590e-02 -9.88174e-01 -1.486e-02 -9.881e-01  2.660e-04 -1.577e+04  5.146e+03  5.060e+01  0.000e+00 -2.097e+04
000 -2.661590e-02 -9.88174e-01 -1.486e-02 -9.881e-01  2.660e-04 -1.573e+04  5.146e+03  5.060e+01  0.000e+00 -2.093e+04
000 -2.656590e-02 -9.87947e-01 -1.490e-02 -9.878e-01  2.667e-04 -1.569e+04  5.141e+03  5.095e+01  0.000e+00 -2.089e+04
000 -2.651590e-02 -9.87947e-01 -1.490e-02 -9.878e-01  2.667e-04 -1.565e+04  5.141e+03  5.095e+01  0.000e+00 -2.085e+04
000 -2.646590e-02 -9.87947e-01 -1.490e-02 -9.878e-01  2.667e-04 -1.562e+04  5.141e+03  5.095e+01  0.000e+00 -2.081e+04
000 -2.641590e-02 -9.87738e-01 -1.495e-02 -9.876e-01  2.665e-04 -1.558e+04  5.136e+03  5.134e+01  0.000e+00 -2.076e+04
000 -2.636590e-02 -9.87738e-01 -1.495e-02 -9.876e-01  2.665e-04 -1.554e+04  5.136e+03  5.134e+01  0.000e+00 -2.072e+04
000 -2.631590e-02 -9.87738e-01 -1.495e-02 -9.876e-01  2.665e-04 -1.550e+04  5.136e+03  5.134e+01  0.000e+00 -2.068e+04
000 -2.626590e-02 -9.87564e-01 -1.499e-02 -9.875e-01  2.658e-04 -1.546e+04  5.132e+03  5.164e+01  0.000e+00 -2.064e+04
000 -2.621590e-02 -9.87564e-01 -1.499e-02 -9.875e-01  2.657e-04 -1.542e+04  5.132e+03  5.164e+01  0.000e+00 -2.060e+04
000 -2.616590e-02 -9.87453e-01 -1.501e-02 -9.874e-01  2.668e-04 -1.538e+04  5.129e+03  5.182e+01  0.000e+00 -2.056e+04
000 -2.611590e-02 -9.87453e-01 -1.501e-02 -9.874e-01  2.668e-04 -1.534e+04  5.129e+03  5.182e+01  0.000e+00 -2.052e+04
000 -2.606590e-02 -9.87281e-01 -1.505e-02 -9.872e-01  2.643e-04 -1.530e+04  5.125e+03  5.210e+01  0.000e+00 -2.048e+04
000 -2.601590e-02 -9.87281e-01 -1.505e-02 -9.872e-01  2.643e-04 -1.526e+04  5.125e+03  5.210e+01  0.000e+00 -2.044e+04
000 -2.596590e-02 -9.87281e-01 -1.505e-02 -9.872e-01  2.643e-04 -1.522e+04  5.125e+03  5.210e+01  0.000e+00 -2.040e+04
000 -2.591590e-02 -9.87022e-01 -1.511e-02 -9.869e-01  2.655e-04 -1.518e+04  5.120e+03  5.248e+01  0.000e+00 -2.036e+04
000 -2.586590e-02 -9.87022e-01 -1.511e-02 -9.869e-01  2.655e-04 -1.514e+04  5.120e+03  5.248e+01  0.000e+00 -2.032e+04
000 -2.581590e-02 -9.87022e-01 -1.511e-02 -9.869e-01  2.655e-04 -1.510e+04  5.120e+03  5.248e+01  0.000e+00 -2.028e+04
000 -2.576590e-02 -9.86807e-01 -1.516e-02 -9.867e-01  2.657e-04 -1.507e+04  5.115e+03  5.289e+01  0.000e+00 -2.023e+04
000 -2.571590e-02 -9.86807e-01 -1.516e-02 -9.867e-01  2.657e-04 -1.503e+04  5.115e+03  5.289e+01  0.000e+00 -2.019e+04
000 -2.566590e-02 -9.86807e-01 -1.516e-02 -9.867e-01  2.657e-04 -1.499e+04  5.115e+03  5.289e+01  0.000e+00 -2.015e+04
000 -2.561590e-02 -9.86591e-01 -1.521e-02 -9.865e-01  2.641e-04 -1.495e+04  5.110e+03  5.322e+01  0.000e+00 -2.011e+04
000 -2.556590e-02 -9.86591e-01 -1.521e-02 -9.865e-01  2.641e-04 -1.491e+04  5.110e+03  5.322e+01  0.000e+00 -2.007e+04
000 -2.551590e-02 -9.86450e-01 -1.524e-02 -9.863e-01  2.662e-04 -1.487e+04  5.107e+03  5.346e+01  0.000e+00 -2.003e+04
000 -2.546590e-02 -9.86450e-01 -1.524e-02 -9.863e-01  2.661e-04 -1.483e+04  5.107e+03  5.346e+01  0.000e+00 -1.999e+04
000 -2.541590e-02 -9.86292e-01 -1.528e-02 -9.862e-01  2.635e-04 -1.479e+04  5.104e+03  5.369e+01  0.000e+00 -1.995e+04
000 -2.536590e-02 -9.86292e-01 -1.528e-02 -9.862e-01  2.637e-04 -1.475e+04  5.104e+03  5.369e+01  0.000e+00 -1.991e+04
000 -2.531590e-02 -9.86128e-01 -1.532e-02 -9.860e-01  2.668e-04 -1.471e+04  5.100e+03  5.399e+01  0.000e+00 -1.987e+04
000 -2.526590e-02 -9.86128e-01 -1.532e-02 -9.860e-01  2.669e-04 -1.467e+04  5.100e+03  5.399e+01  0.000e+00 -1.983e+04
000 -2.521590e-02 -9.86128e-01 -1.532e-02 -9.860e-01  2.669e-04 -1.463e+04  5.100e+03  5.399e+01  0.000e+00 -1.979e+04
000 -2.516590e-02 -9.85867e-01 -1.538e-02 -9.858e-01  2.639e-04 -1.459e+04  5.094e+03  5.436e+01  0.000e+00 -1.974e+04
000 -2.511590e-02 -9.85867e-01 -1.538e-02 -9.858e-01  2.638e-04 -1.456e+04  5.094e+03  5.436e+01  0.000e+00 -1.970e+04
000 -2.506590e-02 -9.85867e-01 -1.538e-02 -9.858e-01  2.638e-04 -1.452e+04  5.094e+03  5.436e+01  0.000e+00 -1.966e+04
000 -2.501590e-02 -9.85629e-01 -1.544e-02 -9.855e-01  2.647e-04 -1.448e+04  5.089e+03  5.481e+01  0.000e+00 -1.962e+04
000 -2.496590e-02 -9.85629e-01 -1.544e-02 -9.855e-01  2.647e-04 -1.444e+04  5.089e+03  5.481e+01  0.000e+00 -1.958e+04
000 -2.491590e-02 -9.85629e-01 -1.544e-02 -9.855e-01  2.647e-04 -1.440e+04  5.089e+03  5.481e+01  0.000e+00 -1.954e+04
000 -2.486590e-02 -9.85391e-01 -1.550e-02 -9.853e-01  2.663e-04 -1.436e+04  5.084e+03  5.514e+01  0.000e+00 -1.950e+04
000 -2.481590e-02 -9.85391e-01 -1.550e-02 -9.853e-01  2.663e-04 -1.432e+04  5.084e+03  5.514e+01  0.000e+00 -1.946e+04
000 -2.476590e-02 -9.85196e-01 -1.555e-02 -9.851e-01  2.643e-04 -1.428e+04  5.080e+03  5.543e+01  0.000e+00 -1.942e+04
000 -2.471590e-02 -9.85196e-01 -1.555e-02 -9.851e-01  2.643e-04 -1.424e+04  5.080e+03  5.543e+01  0.000e+00 -1.938e+04
000 -2.466590e-02 -9.85076e-01 -1.558e-02 -9.850e-01  2.637e-04 -1.420e+04  5.077e+03  5.562e+01  0.000e+00 -1.934e+04
000 -2.461590e-02 -9.85076e-01 -1.558e-02 -9.850e-01  2.637e-04 -1.416e+04  5.077e+03  5.562e+01  0.000e+00 -1.930e+04
000 -2.456590e-02 -9.84872e-01 -1.564e-02 -9.848e-01  2.647e-04 -1.412e+04  5.073e+03  5.592e+01  0.000e+00 -1.925e+04
000 -2.451590e-02 -9.84872e-01 -1.564e-02 -9.848e-01  2.647e-04 -1.408e+04  5.073e+03  5.592e+01  0.000e+00 -1.921e+04
000 -2.446590e-02 -9.84872e-01 -1.564e-02 -9.848e-01  2.647e-04 -1.405e+04  5.073e+03  5.592e+01  0.000e+00 -1.917e+04
000 -2.441590e-02 -9.84616e-01 -1.570e-02 -9.845e-01  2.630e-04 -1.401e+04  5.068e+03  5.635e+01  0.000e+00 -1.913e+04
000 -2.436590e-02 -9.84596e-01 -1.571e-02 -9.845e-01  2.650e-04 -1.397e+04  5.067e+03  5.637e+01  0.000e+00 -1.909e+04
000 -2.431590e-02 -9.84596e-01 -1.571e-02 -9.845e-01  2.649e-04 -1.393e+04  5.067e+03  5.637e+01  0.000e+00 -1.905e+04
000 -2.426590e-02 -9.84333e-01 -1.577e-02 -9.842e-01  2.641e-04 -1.389e+04  5.062e+03  5.681e+01  0.000e+00 -1.901e+04
000 -2.421590e-02 -9.84333e-01 -1.577e-02 -9.842e-01  2.641e-04 -1.385e+04  5.062e+03  5.681e+01  0.000e+00 -1.897e+04
000 -2.416590e-02 -9.84333e-01 -1.577e-02 -9.842e-01  2.641e-04 -1.381e+04  5.062e+03  5.681e+01  0.000e+00 -1.893e+04
000 -2.411590e-02 -9.84120e-01 -1.583e-02 -9.840e-01  2.638e-04 -1.377e+04  5.057e+03  5.711e+01  0.000e+00 -1.889e+04
000 -2.406590e-02 -9.84120e-01 -1.583e-02 -9.840e-01  2.638e-04 -1.373e+04  5.057e+03  5.711e+01  0.000e+00 -1.885e+04
000 -2.401590e-02 -9.83896e-01 -1.589e-02 -9.838e-01  2.650e-04 -1.369e+04  5.053e+03  5.740e+01  0.000e+00 -1.880e+04
000 -2.396590e-02 -9.83896e-01 -1.589e-02 -9.838e-01  2.650e-04 -1.365e+04  5.053e+03  5.740e+01  0.000e+00 -1.876e+04
000 -2.391590e-02 -9.83896e-01 -1.589e-02 -9.838e-01  2.650e-04 -1.361e+04  5.053e+03  5.740e+01  0.000e+00 -1.873e+04
000 -2.386590e-02 -9.83598e-01 -1.597e-02 -9.835e-01  2.635e-04 -1.358e+04  5.047e+03  5.786e+01  0.000e+00 -1.868e+04
000 -2.381590e-02 -9.83598e-01 -1.597e-02 -9.835e-01  2.635e-04 -1.354e+04  5.047e+03  5.786e+01  0.000e+00 -1.864e+04
000 -2.376590e-02 -9.83598e-01 -1.597e-02 -9.835e-01  2.635e-04 -1.350e+04  5.047e+03  5.786e+01  0.000e+00 -1.860e+04
000 -2.371590e-02 -9.83320e-01 -1.605e-02 -9.832e-01  2.629e-04 -1.346e+04  5.041e+03  5.831e+01  0.000e+00 -1.856e+04
000 -2.366590e-02 -9.83320e-01 -1.605e-02 -9.832e-01  2.629e-04 -1.342e+04  5.041e+03  5.831e+01  0.000e+00 -1.852e+04
000 -2.361590e-02 -9.83320e-01 -1.605e-02 -9.832e-01  2.629e-04 -1.338e+04  5.041e+03  5.831e+01  0.000e+00 -1.848e+04
000 -2.356590e-02 -9.83079e-01 -1.611e-02 -9.830e-01  2.626e-04 -1.334e+04  5.036e+03  5.865e+01  0.000e+00 -1.844e+04
000 -2.351590e-02 -9.83079e-01 -1.611e-02 -9.830e-01  2.626e-04 -1.330e+04  5.036e+03  5.865e+01  0.000e+00 -1.840e+04
000 -2.346590e-02 -9.82835e-01 -1.619e-02 -9.827e-01  2.634e-04 -1.326e+04  5.031e+03  5.894e+01  0.000e+00 -1.835e+04
000 -2.341590e-02 -9.82835e-01 -1.619e-02 -9.827e-01  2.634e-04 -1.322e+04  5.031e+03  5.894e+01  0.000e+00 -1.831e+04
000 -2.336590e-02 -9.82680e-01 -1.624e-02 -9.826e-01  2.630e-04 -1.318e+04  5.028e+03  5.919e+01  0.000e+00 -1.827e+04
000 -2.331590e-02 -9.82680e-01 -1.624e-02 -9.826e-01  2.630e-04 -1.315e+04  5.028e+03  5.919e+01  0.000e+00 -1.823e+04
000 -2.326590e-02 -9.82456e-01 -1.631e-02 -9.823e-01  2.621e-04 -1.311e+04  5.024e+03  5.949e+01  0.000e+00 -1.819e+04
000 -2.321590e-02 -9.82456e-01 -1.631e-02 -9.823e-01  2.621e-04 -1.307e+04  5.024e+03  5.949e+01  0.000e+00 -1.815e+04
000 -2.316590e-02 -9.82456e-01 -1.631e-02 -9.823e-01  2.621e-04 -1.303e+04  5.024e+03  5.949e+01  0.000e+00 -1.811e+04
000 -2.311590e-02 -9.82175e-01 -1.639e-02 -9.821e-01  2.615e-04 -1.299e+04  5.018e+03  5.991e+01  0.000e+00 -1.807e+04
000 -2.306590e-02 -9.82175e-01 -1.639e-02 -9.821e-01  2.615e-04 -1.295e+04  5.018e+03  5.991e+01  0.000e+00 -1.803e+04
000 -2.301590e-02 -9.82175e-01 -1.639e-02 -9.821e-01  2.615e-04 -1.291e+04  5.018e+03  5.991e+01  0.000e+00 -1.799e+04
000 -2.296590e-02 -9.81858e-01 -1.647e-02 -9.817e-01  2.616e-04 -1.287e+04  5.012e+03  6.044e+01  0.000e+00 -1.794e+04
000 -2.291590e-02 -9.81858e-01 -1.647e-02 -9.817e-01  2.616e-04 -1.283e+04  5.012e+03  6.044e+01  0.000e+00 -1.791e+04
000 -2.286590e-02 -9.81858e-01 -1.647e-02 -9.817e-01  2.616e-04 -1.279e+04  5.012e+03  6.044e+01  0.000e+00 -1.787e+04
000 -2.281590e-02 -9.81572e-01 -1.655e-02 -9.815e-01  2.616e-04 -1.275e+04  5.006e+03  6.078e+01  0.000e+00 -1.782e+04
000 -2.276590e-02 -9.81572e-01 -1.655e-02 -9.815e-01  2.616e-04 -1.272e+04  5.006e+03  6.078e+01  0.000e+00 -1.778e+04
000 -2.271590e-02 -9.81368e-01 -1.661e-02 -9.813e-01  2.593e-04 -1.268e+04  5.002e+03  6.110e+01  0.000e+00 -1.774e+04
000 -2.266590e-02 -9.81368e-01 -1.661e-02 -9.813e-01  2.593e-04 -1.264e+04  5.002e+03  6.110e+01  0.000e+00 -1.770e+04
000 -2.261590e-02 -9.81129e-01 -1.669e-02 -9.810e-01  2.609e-04 -1.260e+04  4.998e+03  6.139e+01  0.000e+00 -1.766e+04
000 -2.256590e-02 -9.81129e-01 -1.669e-02 -9.810e-01  2.609e-04 -1.256e+04  4.998e+03  6.139e+01  0.000e+00 -1.762e+04
000 -2.251590e-02 -9.81129e-01 -1.669e-02 -9.810e-01  2.609e-04 -1.252e+04  4.998e+03  6.139e+01  0.000e+00 -1.758e+04
000 -2.246590e-02 -9.80807e-01 -1.678e-02 -9.807e-01  2.614e-04 -1.248e+04  4.991e+03  6.185e+01  0.000e+00 -1.753e+04
000 -2.241590e-02 -9.80807e-01 -1.678e-02 -9.807e-01  2.614e-04 -1.244e+04  4.991e+03  6.185e+01  0.000e+00 -1.750e+04
000 -2.236590e-02 -9.80807e-01 -1.678e-02 -9.807e-01  2.614e-04 -1.240e+04  4.991e+03  6.185e+01  0.000e+00 -1.746e+04
000 -2.231590e-02 -9.80472e-01 -1.688e-02 -9.804e-01  2.616e-04 -1.236e+04  4.985e+03  6.229e+01  0.000e+00 -1.741e+04
000 -2.226590e-02 -9.80471e-01 -1.688e-02 -9.804e-01  2.615e-04 -1.233e+04  4.985e+03  6.229e+01  0.000e+00 -1.737e+04
000 -2.221590e-02 -9.80471e-01 -1.688e-02 -9.804e-01  2.615e-04 -1.229e+04  4.985e+03  6.229e+01  0.000e+00 -1.733e+04
000 -2.216590e-02 -9.80153e-01 -1.696e-02 -9.800e-01  2.602e-04 -1.225e+04  4.979e+03  6.279e+01  0.000e+00 -1.729e+04
000 -2.211590e-02 -9.80153e-01 -1.696e-02 -9.800e-01  2.602e-04 -1.221e+04  4.979e+03  6.279e+01  0.000e+00 -1.725e+04
000 -2.206590e-02 -9.79966e-01 -1.702e-02 -9.798e-01  2.592e-04 -1.217e+04  4.975e+03  6.297e+01  0.000e+00 -1.721e+04
000 -2.201590e-02 -9.79890e-01 -1.705e-02 -9.798e-01  2.603e-04 -1.213e+04  4.974e+03  6.311e+01  0.000e+00 -1.717e+04
000 -2.196590e-02 -9.79890e-01 -1.705e-02 -9.798e-01  2.603e-04 -1.209e+04  4.974e+03  6.311e+01  0.000e+00 -1.713e+04
000 -2.191590e-02 -9.79583e-01 -1.714e-02 -9.795e-01  2.592e-04 -1.205e+04  4.968e+03  6.352e+01  0.000e+00 -1.708e+04
000 -2.186590e-02 -9.79583e-01 -1.714e-02 -9.795e-01  2.592e-04 -1.201e+04  4.968e+03  6.352e+01  0.000e+00 -1.705e+04
000 -2.181590e-02 -9.79332e-01 -1.723e-02 -9.792e-01  2.602e-04 -1.197e+04  4.963e+03  6.382e+01  0.000e+00 -1.700e+04
000 -2.176590e-02 -9.79332e-01 -1.723e-02 -9.792e-01  2.602e-04 -1.194e+04  4.963e+03  6.382e+01  0.000e+00 -1.696e+04
000 -2.171590e-02 -9.79126e-01 -1.729e-02 -9.790e-01  2.579e-04 -1.190e+04  4.959e+03  6.411e+01  0.000e+00 -1.692e+04
000 -2.166590e-02 -9.79126e-01 -1.729e-02 -9.790e-01  2.578e-04 -1.186e+04  4.959e+03  6.411e+01  0.000e+00 -1.688e+04
000 -2.161590e-02 -9.79126e-01 -1.729e-02 -9.790e-01  2.578e-04 -1.182e+04  4.959e+03  6.411e+01  0.000e+00 -1.684e+04
000 -2.156590e-02 -9.78765e-01 -1.740e-02 -9.786e-01  2.586e-04 -1.178e+04  4.953e+03  6.455e+01  0.000e+00 -1.680e+04
000 -2.151590e-02 -9.78765e-01 -1.740e-02 -9.786e-01  2.586e-04 -1.174e+04  4.953e+03  6.455e+01  0.000e+00 -1.676e+04
000 -2.146590e-02 -9.78556e-01 -1.747e-02 -9.784e-01  2.591e-04 -1.170e+04  4.949e+03  6.488e+01  0.000e+00 -1.672e+04
000 -2.141590e-02 -9.78556e-01 -1.747e-02 -9.784e-01  2.591e-04 -1.166e+04  4.949e+03  6.488e+01  0.000e+00 -1.668e+04
000 -2.136590e-02 -9.78332e-01 -1.753e-02 -9.782e-01  2.607e-04 -1.162e+04  4.945e+03  6.513e+01  0.000e+00 -1.663e+04
000 -2.131590e-02 -9.78332e-01 -1.753e-02 -9.782e-01  2.607e-04 -1.159e+04  4.945e+03  6.513e+01  0.000e+00 -1.660e+04
000 -2.126590e-02 -9.78039e-01 -1.763e-02 -9.779e-01  2.576e-04 -1.155e+04  4.940e+03  6.548e+01  0.000e+00 -1.655e+04
000 -2.121590e-02 -9.78039e-01 -1.763e-02 -9.779e-01  2.576e-04 -1.151e+04  4.940e+03  6.548e+01  0.000e+00 -1.651e+04
000 -2.116590e-02 -9.78039e-01 -1.763e-02 -9.779e-01  2.576e-04 -1.147e+04  4.940e+03  6.548e+01  0.000e+00 -1.647e+04
000 -2.111590e-02 -9.77655e-01 -1.773e-02 -9.775e-01  2.594e-04 -1.143e+04  4.932e+03  6.607e+01  0.000e+00 -1.643e+04
000 -2.106590e-02 -9.77655e-01 -1.773e-02 -9.775e-01  2.594e-04 -1.139e+04  4.932e+03  6.607e+01  0.000e+00 -1.639e+04
000 -2.101590e-02 -9.77655e-01 -1.773e-02 -9.775e-01  2.594e-04 -1.135e+04  4.932e+03  6.607e+01  0.000e+00 -1.635e+04
000 -2.096590e-02 -9.77259e-01 -1.786e-02 -9.771e-01  2.581e-04 -1.131e+04  4.925e+03  6.647e+01  0.000e+00 -1.630e+04
000 -2.091590e-02 -9.77259e-01 -1.786e-02 -9.771e-01  2.581e-04 -1.127e+04  4.925e+03  6.647e+01  0.000e+00 -1.627e+04
000 -2.086590e-02 -9.77259e-01 -1.786e-02 -9.771e-01  2.581e-04 -1.124e+04  4.925e+03  6.647e+01  0.000e+00 -1.623e+04
000 -2.081590e-02 -9.77259e-01 -1.786e-02 -9.771e-01  2.581e-04 -1.120e+04  4.925e+03  6.647e+01  0.000e+00 -1.619e+04
000 -2.076590e-02 -9.76765e-01 -1.801e-02 -9.766e-01  2.581e-04 -1.116e+04  4.917e+03  6.705e+01  0.000e+00 -1.614e+04
000 -2.071590e-02 -9.76763e-01 -1.801e-02 -9.766e-01  2.582e-04 -1.112e+04  4.917e+03  6.705e+01  0.000e+00 -1.610e+04
000 -2.066590e-02 -9.76763e-01 -1.801e-02 -9.766e-01  2.582e-04 -1.108e+04  4.917e+03  6.705e+01  0.000e+00 -1.606e+04
000 -2.061590e-02 -9.76371e-01 -1.813e-02 -9.762e-01  2.577e-04 -1.104e+04  4.910e+03  6.765e+01  0.000e+00 -1.602e+04
000 -2.056590e-02 -9.76370e-01 -1.813e-02 -9.762e-01  2.577e-04 -1.100e+04  4.910e+03  6.765e+01  0.000e+00 -1.598e+04
000 -2.051590e-02 -9.76071e-01 -1.824e-02 -9.759e-01  2.571e-04 -1.096e+04  4.904e+03  6.786e+01  0.000e+00 -1.594e+04
000 -2.046590e-02 -9.76071e-01 -1.824e-02 -9.759e-01  2.571e-04 -1.092e+04  4.904e+03  6.786e+01  0.000e+00 -1.590e+04
000 -2.041590e-02 -9.75817e-01 -1.833e-02 -9.757e-01  2.567e-04 -1.089e+04  4.900e+03  6.823e+01  0.000e+00 -1.585e+04
000 -2.036590e-02 -9.75817e-01 -1.833e-02 -9.757e-01  2.567e-04 -1.085e+04  4.900e+03  6.823e+01  0.000e+00 -1.581e+04
000 -2.031590e-02 -9.75817e-01 -1.833e-02 -9.757e-01  2.567e-04 -1.081e+04  4.900e+03  6.823e+01  0.000e+00 -1.578e+04
000 -2.026590e-02 -9.75388e-01 -1.847e-02 -9.753e-01  2.564e-04 -1.077e+04  4.893e+03  6.870e+01  0.000e+00 -1.573e+04
000 -2.021590e-02 -9.75388e-01 -1.847e-02 -9.753e-01  2.564e-04 -1.073e+04  4.893e+03  6.870e+01  0.000e+00 -1.569e+04
000 -2.016590e-02 -9.75388e-01 -1.847e-02 -9.753e-01  2.564e-04 -1.069e+04  4.893e+03  6.870e+01  0.000e+00 -1.565e+04
000 -2.011590e-02 -9.74964e-01 -1.860e-02 -9.748e-01  2.562e-04 -1.065e+04  4.885e+03  6.926e+01  0.000e+00 -1.561e+04
000 -2.006590e-02 -9.74964e-01 -1.860e-02 -9.748e-01  2.562e-04 -1.061e+04  4.885e+03  6.926e+01  0.000e+00 -1.557e+04
000 -2.001590e-02 -9.74964e-01 -1.860e-02 -9.748e-01  2.562e-04 -1.057e+04  4.885e+03  6.926e+01  0.000e+00 -1.553e+04
000 -1.996590e-02 -9.74545e-01 -1.873e-02 -9.744e-01  2.561e-04 -1.054e+04  4.878e+03  6.976e+01  0.000e+00 -1.548e+04
000 -1.991590e-02 -9.74545e-01 -1.873e-02 -9.744e-01  2.561e-04 -1.050e+04  4.878e+03  6.976e+01  0.000e+00 -1.545e+04
000 -1.986590e-02 -9.74260e-01 -1.884e-02 -9.741e-01  2.559e-04 -1.046e+04  4.873e+03  7.006e+01  0.000e+00 -1.540e+04
000 -1.981590e-02 -9.74260e-01 -1.884e-02 -9.741e-01  2.559e-04 -1.042e+04  4.873e+03  7.006e+01  0.000e+00 -1.536e+04
000 -1.976590e-02 -9.73984e-01 -1.892e-02 -9.738e-01  2.557e-04 -1.038e+04  4.868e+03  7.045e+01  0.000e+00 -1.532e+04
000 -1.971590e-02 -9.73984e-01 -1.892e-02 -9.738e-01  2.557e-04 -1.034e+04  4.868e+03  7.045e+01  0.000e+00 -1.528e+04
000 -1.966590e-02 -9.73666e-01 -1.903e-02 -9.735e-01  2.554e-04 -1.030e+04  4.863e+03  7.077e+01  0.000e+00 -1.524e+04
000 -1.961590e-02 -9.73666e-01 -1.903e-02 -9.735e-01  2.554e-04 -1.026e+04  4.863e+03  7.077e+01  0.000e+00 -1.520e+04
000 -1.956590e-02 -9.73348e-01 -1.914e-02 -9.732e-01  2.549e-04 -1.023e+04  4.858e+03  7.110e+01  0.000e+00 -1.516e+04
000 -1.951590e-02 -9.73348e-01 -1.914e-02 -9.732e-01  2.549e-04 -1.019e+04  4.858e+03  7.110e+01  0.000e+00 -1.512e+04
000 -1.946590e-02 -9.73039e-01 -1.924e-02 -9.729e-01  2.549e-04 -1.015e+04  4.853e+03  7.147e+01  0.000e+00 -1.507e+04
000 -1.941590e-02 -9.73039e-01 -1.924e-02 -9.729e-01  2.549e-04 -1.011e+04  4.853e+03  7.147e+01  0.000e+00 -1.503e+04
000 -1.936590e-02 -9.72714e-01 -1.936e-02 -9.726e-01  2.550e-04 -1.007e+04  4.847e+03  7.179e+01  0.000e+00 -1.499e+04
000 -1.931590e-02 -9.72714e-01 -1.936e-02 -9.726e-01  2.549e-04 -1.003e+04  4.847e+03  7.179e+01  0.000e+00 -1.495e+04
000 -1.926590e-02 -9.72714e-01 -1.936e-02 -9.726e-01  2.549e-04 -9.994e+03  4.847e+03  7.179e+01  0.000e+00 -1.491e+04
000 -1.921590e-02 -9.72714e-01 -1.936e-02 -9.726e-01  2.549e-04 -9.955e+03  4.847e+03  7.179e+01  0.000e+00 -1.487e+04
000 -1.916590e-02 -9.72114e-01 -1.955e-02 -9.720e-01  2.538e-04 -9.917e+03  4.837e+03  7.240e+01  0.000e+00 -1.483e+04
000 -1.911590e-02 -9.72114e-01 -1.955e-02 -9.720e-01  2.538e-04 -9.878e+03  4.837e+03  7.240e+01  0.000e+00 -1.479e+04
000 -1.906590e-02 -9.71800e-01 -1.966e-02 -9.717e-01  2.538e-04 -9.839e+03  4.832e+03  7.286e+01  0.000e+00 -1.474e+04
000 -1.901590e-02 -9.71800e-01 -1.966e-02 -9.717e-01  2.538e-04 -9.801e+03  4.832e+03  7.286e+01  0.000e+00 -1.471e+04
000 -1.896590e-02 -9.71490e-01 -1.976e-02 -9.713e-01  2.529e-04 -9.762e+03  4.827e+03  7.314e+01  0.000e+00 -1.466e+04
000 -1.891590e-02 -9.71490e-01 -1.976e-02 -9.713e-01  2.529e-04 -9.723e+03  4.827e+03  7.314e+01  0.000e+00 -1.462e+04
000 -1.886590e-02 -9.71167e-01 -1.987e-02 -9.710e-01  2.531e-04 -9.685e+03  4.822e+03  7.346e+01  0.000e+00 -1.458e+04
000 -1.881590e-02 -9.71167e-01 -1.987e-02 -9.710e-01  2.531e-04 -9.646e+03  4.822e+03  7.346e+01  0.000e+00 -1.454e+04
000 -1.876590e-02 -9.70800e-01 -1.999e-02 -9.706e-01  2.522e-04 -9.607e+03  4.816e+03  7.395e+01  0.000e+00 -1.450e+04
000 -1.871590e-02 -9.70800e-01 -1.999e-02 -9.706e-01  2.522e-04 -9.569e+03  4.816e+03  7.395e+01  0.000e+00 -1.446e+04
000 -1.866590e-02 -9.70800e-01 -1.999e-02 -9.706e-01  2.522e-04 -9.530e+03  4.816e+03  7.395e+01  0.000e+00 -1.442e+04
000 -1.861590e-02 -9.70373e-01 -2.010e-02 -9.702e-01  2.524e-04 -9.491e+03  4.809e+03  7.443e+01  0.000e+00 -1.438e+04
000 -1.856590e-02 -9.70373e-01 -2.010e-02 -9.702e-01  2.524e-04 -9.453e+03  4.809e+03  7.443e+01  0.000e+00 -1.434e+04
000 -1.851590e-02 -9.70010e-01 -2.023e-02 -9.699e-01  2.517e-04 -9.414e+03  4.804e+03  7.474e+01  0.000e+00 -1.429e+04
000 -1.846590e-02 -9.69851e-01 -2.030e-02 -9.697e-01  2.512e-04 -9.376e+03  4.801e+03  7.485e+01  0.000e+00 -1.425e+04
000 -1.841590e-02 -9.69851e-01 -2.030e-02 -9.697e-01  2.512e-04 -9.337e+03  4.801e+03  7.485e+01  0.000e+00 -1.421e+04
000 -1.836590e-02 -9.69495e-01 -2.041e-02 -9.693e-01  2.517e-04 -9.298e+03  4.795e+03  7.531e+01  0.000e+00 -1.417e+04
000 -1.831590e-02 -9.69494e-01 -2.041e-02 -9.693e-01  2.517e-04 -9.260e+03  4.795e+03  7.531e+01  0.000e+00 -1.413e+04
000 -1.826590e-02 -9.69122e-01 -2.053e-02 -9.690e-01  2.516e-04 -9.221e+03  4.790e+03  7.560e+01  0.000e+00 -1.409e+04
000 -1.821590e-02 -9.69122e-01 -2.053e-02 -9.690e-01  2.516e-04 -9.183e+03  4.790e+03  7.560e+01  0.000e+00 -1.405e+04
000 -1.816590e-02 -9.68752e-01 -2.067e-02 -9.686e-01  2.509e-04 -9.144e+03  4.784e+03  7.595e+01  0.000e+00 -1.400e+04
000 -1.811590e-02 -9.68752e-01 -2.067e-02 -9.686e-01  2.509e-04 -9.106e+03  4.784e+03  7.595e+01  0.000e+00 -1.397e+04
000 -1.806590e-02 -9.68426e-01 -2.077e-02 -9.683e-01  2.499e-04 -9.067e+03  4.779e+03  7.639e+01  0.000e+00 -1.392e+04
000 -1.801590e-02 -9.68426e-01 -2.077e-02 -9.683e-01  2.499e-04 -9.029e+03  4.779e+03  7.639e+01  0.000e+00 -1.388e+04
000 -1.796590e-02 -9.68035e-01 -2.090e-02 -9.679e-01  2.507e-04 -8.990e+03  4.773e+03  7.670e+01  0.000e+00 -1.384e+04
000 -1.791590e-02 -9.68035e-01 -2.090e-02 -9.679e-01  2.507e-04 -8.952e+03  4.773e+03  7.670e+01  0.000e+00 -1.380e+04
000 -1.786590e-02 -9.67677e-01 -2.103e-02 -9.675e-01  2.506e-04 -8.913e+03  4.768e+03  7.701e+01  0.000e+00 -1.376e+04
000 -1.781590e-02 -9.67677e-01 -2.103e-02 -9.675e-01  2.506e-04 -8.875e+03  4.768e+03  7.701e+01  0.000e+00 -1.372e+04
000 -1.776590e-02 -9.67268e-01 -2.116e-02 -9.671e-01  2.505e-04 -8.836e+03  4.761e+03  7.748e+01  0.000e+00 -1.367e+04
000 -1.771590e-02 -9.67268e-01 -2.116e-02 -9.671e-01  2.504e-04 -8.798e+03  4.761e+03  7.748e+01  0.000e+00 -1.364e+04
000 -1.766590e-02 -9.66903e-01 -2.128e-02 -9.667e-01  2.497e-04 -8.759e+03  4.756e+03  7.782e+01  0.000e+00 -1.359e+04
000 -1.761590e-02 -9.66903e-01 -2.128e-02 -9.667e-01  2.497e-04 -8.721e+03  4.756e+03  7.782e+01  0.000e+00 -1.355e+04
000 -1.756590e-02 -9.66561e-01 -2.140e-02 -9.664e-01  2.487e-04 -8.682e+03  4.751e+03  7.820e+01  0.000e+00 -1.351e+04
000 -1.751590e-02 -9.66561e-01 -2.140e-02 -9.664e-01  2.487e-04 -8.644e+03  4.751e+03  7.820e+01  0.000e+00 -1.347e+04
000 -1.746590e-02 -9.66116e-01 -2.155e-02 -9.659e-01  2.485e-04 -8.605e+03  4.744e+03  7.854e+01  0.000e+00 -1.343e+04
000 -1.741590e-02 -9.66115e-01 -2.155e-02 -9.659e-01  2.485e-04 -8.567e+03  4.744e+03  7.854e+01  0.000e+00 -1.339e+04
000 -1.736590e-02 -9.65713e-01 -2.170e-02 -9.655e-01  2.492e-04 -8.528e+03  4.738e+03  7.891e+01  0.000e+00 -1.335e+04
000 -1.731590e-02 -9.65713e-01 -2.170e-02 -9.655e-01  2.492e-04 -8.490e+03  4.738e+03  7.891e+01  0.000e+00 -1.331e+04
000 -1.726590e-02 -9.65335e-01 -2.183e-02 -9.652e-01  2.489e-04 -8.452e+03  4.733e+03  7.926e+01  0.000e+00 -1.326e+04
000 -1.721590e-02 -9.65335e-01 -2.183e-02 -9.652e-01  2.489e-04 -8.413e+03  4.733e+03  7.926e+01  0.000e+00 -1.323e+04
000 -1.716590e-02 -9.64930e-01 -2.196e-02 -9.648e-01  2.486e-04 -8.375e+03  4.727e+03  7.967e+01  0.000e+00 -1.318e+04
000 -1.711590e-02 -9.64930e-01 -2.196e-02 -9.648e-01  2.486e-04 -8.336e+03  4.727e+03  7.967e+01  0.000e+00 -1.314e+04
000 -1.706590e-02 -9.64513e-01 -2.210e-02 -9.643e-01  2.480e-04 -8.298e+03  4.721e+03  8.007e+01  0.000e+00 -1.310e+04
000 -1.701590e-02 -9.64513e-01 -2.210e-02 -9.643e-01  2.480e-04 -8.260e+03  4.721e+03  8.007e+01  0.000e+00 -1.306e+04
000 -1.696590e-02 -9.64198e-01 -2.220e-02 -9.640e-01  2.473e-04 -8.221e+03  4.716e+03  8.039e+01  0.000e+00 -1.302e+04
000 -1.691590e-02 -9.64197e-01 -2.220e-02 -9.640e-01  2.473e-04 -8.183e+03  4.716e+03  8.039e+01  0.000e+00 -1.298e+04
000 -1.686590e-02 -9.63702e-01 -2.238e-02 -9.635e-01  2.476e-04 -8.145e+03  4.709e+03  8.074e+01  0.000e+00 -1.293e+04
000 -1.681590e-02 -9.63702e-01 -2.238e-02 -9.635e-01  2.476e-04 -8.106e+03  4.709e+03  8.074e+01  0.000e+00 -1.290e+04
000 -1.676590e-02 -9.63271e-01 -2.252e-02 -9.631e-01  2.472e-04 -8.068e+03  4.703e+03  8.122e+01  0.000e+00 -1.285e+04
000 -1.671590e-02 -9.63271e-01 -2.252e-02 -9.631e-01  2.472e-04 -8.030e+03  4.703e+03  8.122e+01  0.000e+00 -1.281e+04
000 -1.666590e-02 -9.62826e-01 -2.267e-02 -9.626e-01  2.468e-04 -7.991e+03  4.696e+03  8.157e+01  0.000e+00 -1.277e+04
000 -1.661590e-02 -9.62826e-01 -2.267e-02 -9.626e-01  2.468e-04 -7.953e+03  4.696e+03  8.157e+01  0.000e+00 -1.273e+04
000 -1.656590e-02 -9.62403e-01 -2.284e-02 -9.622e-01  2.463e-04 -7.915e+03  4.691e+03  8.186e+01  0.000e+00 -1.269e+04
000 -1.651590e-02 -9.62403e-01 -2.284e-02 -9.622e-01  2.463e-04 -7.876e+03  4.691e+03  8.186e+01  0.000e+00 -1.265e+04
000 -1.646590e-02 -9.61951e-01 -2.299e-02 -9.618e-01  2.463e-04 -7.838e+03  4.684e+03  8.236e+01  0.000e+00 -1.260e+04
000 -1.641590e-02 -9.61951e-01 -2.299e-02 -9.618e-01  2.463e-04 -7.800e+03  4.684e+03  8.236e+01  0.000e+00 -1.257e+04
000 -1.636590e-02 -9.61498e-01 -2.313e-02 -9.613e-01  2.452e-04 -7.762e+03  4.678e+03  8.274e+01  0.000e+00 -1.252e+04
000 -1.631590e-02 -9.61498e-01 -2.313e-02 -9.613e-01  2.452e-04 -7.723e+03  4.678e+03  8.274e+01  0.000e+00 -1.248e+04
000 -1.626590e-02 -9.61498e-01 -2.313e-02 -9.613e-01  2.452e-04 -7.685e+03  4.678e+03  8.274e+01  0.000e+00 -1.245e+04
000 -1.621590e-02 -9.60840e-01 -2.335e-02 -9.607e-01  2.449e-04 -7.647e+03  4.669e+03  8.330e+01  0.000e+00 -1.240e+04
000 -1.616590e-02 -9.60839e-01 -2.335e-02 -9.607e-01  2.449e-04 -7.609e+03  4.669e+03  8.330e+01  0.000e+00 -1.236e+04
000 -1.611590e-02 -9.60383e-01 -2.353e-02 -9.602e-01  2.448e-04 -7.570e+03  4.663e+03  8.359e+01  0.000e+00 -1.232e+04
000 -1.606590e-02 -9.60383e-01 -2.353e-02 -9.602e-01  2.448e-04 -7.532e+03  4.663e+03  8.359e+01  0.000e+00 -1.228e+04
000 -1.601590e-02 -9.59881e-01 -2.371e-02 -9.597e-01  2.441e-04 -7.494e+03  4.656e+03  8.406e+01  0.000e+00 -1.223e+04
000 -1.596590e-02 -9.59881e-01 -2.371e-02 -9.597e-01  2.441e-04 -7.456e+03  4.656e+03  8.406e+01  0.000e+00 -1.220e+04
000 -1.591590e-02 -9.59436e-01 -2.386e-02 -9.592e-01  2.444e-04 -7.418e+03  4.650e+03  8.451e+01  0.000e+00 -1.215e+04
000 -1.586590e-02 -9.59436e-01 -2.386e-02 -9.592e-01  2.444e-04 -7.379e+03  4.650e+03  8.451e+01  0.000e+00 -1.211e+04
000 -1.581590e-02 -9.58925e-01 -2.403e-02 -9.587e-01  2.435e-04 -7.341e+03  4.643e+03  8.490e+01  0.000e+00 -1.207e+04
000 -1.576590e-02 -9.58925e-01 -2.403e-02 -9.587e-01  2.435e-04 -7.303e+03  4.643e+03  8.490e+01  0.000e+00 -1.203e+04
000 -1.571590e-02 -9.58446e-01 -2.422e-02 -9.583e-01  2.436e-04 -7.265e+03  4.636e+03  8.521e+01  0.000e+00 -1.199e+04
000 -1.566590e-02 -9.58446e-01 -2.422e-02 -9.583e-01  2.436e-04 -7.227e+03  4.636e+03  8.521e+01  0.000e+00 -1.195e+04
000 -1.561590e-02 -9.57967e-01 -2.440e-02 -9.578e-01  2.432e-04 -7.189e+03  4.630e+03  8.557e+01  0.000e+00 -1.190e+04
000 -1.556590e-02 -9.57967e-01 -2.440e-02 -9.578e-01  2.432e-04 -7.151e+03  4.630e+03  8.557e+01  0.000e+00 -1.187e+04
000 -1.551590e-02 -9.57424e-01 -2.459e-02 -9.572e-01  2.438e-04 -7.113e+03  4.623e+03  8.605e+01  0.000e+00 -1.182e+04
000 -1.546590e-02 -9.57424e-01 -2.459e-02 -9.572e-01  2.438e-04 -7.074e+03  4.623e+03  8.605e+01  0.000e+00 -1.178e+04
000 -1.541590e-02 -9.56956e-01 -2.475e-02 -9.568e-01  2.425e-04 -7.036e+03  4.617e+03  8.653e+01  0.000e+00 -1.174e+04
000 -1.536590e-02 -9.56956e-01 -2.475e-02 -9.568e-01  2.425e-04 -6.998e+03  4.617e+03  8.653e+01  0.000e+00 -1.170e+04
000 -1.531590e-02 -9.56956e-01 -2.475e-02 -9.568e-01  2.425e-04 -6.960e+03  4.617e+03  8.653e+01  0.000e+00 -1.166e+04
000 -1.526590e-02 -9.56121e-01 -2.506e-02 -9.559e-01  2.415e-04 -6.922e+03  4.606e+03  8.700e+01  0.000e+00 -1.162e+04
000 -1.521590e-02 -9.56121e-01 -2.506e-02 -9.559e-01  2.415e-04 -6.884e+03  4.606e+03  8.700e+01  0.000e+00 -1.158e+04
000 -1.516590e-02 -9.55725e-01 -2.518e-02 -9.555e-01  2.419e-04 -6.846e+03  4.601e+03  8.754e+01  0.000e+00 -1.153e+04
000 -1.511590e-02 -9.55364e-01 -2.536e-02 -9.552e-01  2.408e-04 -6.808e+03  4.596e+03  8.757e+01  0.000e+00 -1.149e+04
000 -1.506590e-02 -9.55136e-01 -2.544e-02 -9.549e-01  2.412e-04 -6.770e+03  4.593e+03  8.787e+01  0.000e+00 -1.145e+04
000 -1.501590e-02 -9.55136e-01 -2.544e-02 -9.549e-01  2.412e-04 -6.732e+03  4.593e+03  8.787e+01  0.000e+00 -1.141e+04
000 -1.496590e-02 -9.54535e-01 -2.568e-02 -9.543e-01  2.408e-04 -6.694e+03  4.586e+03  8.821e+01  0.000e+00 -1.137e+04
000 -1.491590e-02 -9.54535e-01 -2.568e-02 -9.543e-01  2.408e-04 -6.656e+03  4.586e+03  8.821e+01  0.000e+00 -1.133e+04
000 -1.486590e-02 -9.54000e-01 -2.587e-02 -9.538e-01  2.402e-04 -6.618e+03  4.579e+03  8.863e+01  0.000e+00 -1.129e+04
000 -1.481590e-02 -9.53999e-01 -2.587e-02 -9.538e-01  2.402e-04 -6.580e+03  4.579e+03  8.863e+01  0.000e+00 -1.125e+04
000 -1.476590e-02 -9.53450e-01 -2.605e-02 -9.532e-01  2.401e-04 -6.542e+03  4.572e+03  8.912e+01  0.000e+00 -1.120e+04
000 -1.471590e-02 -9.53450e-01 -2.605e-02 -9.532e-01  2.401e-04 -6.504e+03  4.572e+03  8.912e+01  0.000e+00 -1.117e+04
000 -1.466590e-02 -9.52865e-01 -2.630e-02 -9.527e-01  2.392e-04 -6.466e+03  4.565e+03  8.944e+01  0.000e+00 -1.112e+04
000 -1.461590e-02 -9.52865e-01 -2.630e-02 -9.527e-01  2.392e-04 -6.429e+03  4.565e+03  8.944e+01  0.000e+00 -1.108e+04
000 -1.456590e-02 -9.52303e-01 -2.651e-02 -9.521e-01  2.400e-04 -6.391e+03  4.558e+03  8.988e+01  0.000e+00 -1.104e+04
000 -1.451590e-02 -9.52303e-01 -2.651e-02 -9.521e-01  2.400e-04 -6.353e+03  4.558e+03  8.988e+01  0.000e+00 -1.100e+04
000 -1.446590e-02 -9.51679e-01 -2.673e-02 -9.515e-01  2.384e-04 -6.315e+03  4.550e+03  9.038e+01  0.000e+00 -1.096e+04
000 -1.441590e-02 -9.51679e-01 -2.673e-02 -9.515e-01  2.384e-04 -6.277e+03  4.550e+03  9.038e+01  0.000e+00 -1.092e+04
000 -1.436590e-02 -9.51098e-01 -2.694e-02 -9.509e-01  2.383e-04 -6.239e+03  4.543e+03  9.083e+01  0.000e+00 -1.087e+04
000 -1.431590e-02 -9.51098e-01 -2.694e-02 -9.509e-01  2.383e-04 -6.201e+03  4.543e+03  9.083e+01  0.000e+00 -1.084e+04
000 -1.426590e-02 -9.50483e-01 -2.720e-02 -9.503e-01  2.383e-04 -6.164e+03  4.536e+03  9.119e+01  0.000e+00 -1.079e+04
000 -1.421590e-02 -9.50181e-01 -2.735e-02 -9.500e-01  2.380e-04 -6.126e+03  4.532e+03  9.147e+01  0.000e+00 -1.075e+04
000 -1.416590e-02 -9.50181e-01 -2.735e-02 -9.500e-01  2.380e-04 -6.088e+03  4.532e+03  9.147e+01  0.000e+00 -1.071e+04
000 -1.411590e-02 -9.49583e-01 -2.758e-02 -9.494e-01  2.375e-04 -6.050e+03  4.525e+03  9.181e+01  0.000e+00 -1.067e+04
000 -1.406590e-02 -9.49303e-01 -2.770e-02 -9.491e-01  2.374e-04 -6.012e+03  4.521e+03  9.206e+01  0.000e+00 -1.063e+04
000 -1.401590e-02 -9.49303e-01 -2.770e-02 -9.491e-01  2.374e-04 -5.975e+03  4.521e+03  9.206e+01  0.000e+00 -1.059e+04
000 -1.396590e-02 -9.48601e-01 -2.794e-02 -9.484e-01  2.378e-04 -5.937e+03  4.513e+03  9.253e+01  0.000e+00 -1.054e+04
000 -1.391590e-02 -9.48601e-01 -2.794e-02 -9.484e-01  2.378e-04 -5.899e+03  4.513e+03  9.253e+01  0.000e+00 -1.050e+04
000 -1.386590e-02 -9.48601e-01 -2.794e-02 -9.484e-01  2.378e-04 -5.861e+03  4.513e+03  9.253e+01  0.000e+00 -1.047e+04
000 -1.381590e-02 -9.47636e-01 -2.832e-02 -9.474e-01  2.362e-04 -5.824e+03  4.502e+03  9.313e+01  0.000e+00 -1.042e+04
000 -1.376590e-02 -9.47636e-01 -2.832e-02 -9.474e-01  2.362e-04 -5.786e+03  4.502e+03  9.313e+01  0.000e+00 -1.038e+04
000 -1.371590e-02 -9.47000e-01 -2.859e-02 -9.468e-01  2.356e-04 -5.748e+03  4.494e+03  9.358e+01  0.000e+00 -1.034e+04
000 -1.366590e-02 -9.47000e-01 -2.859e-02 -9.468e-01  2.356e-04 -5.711e+03  4.494e+03  9.358e+01  0.000e+00 -1.030e+04
000 -1.361590e-02 -9.46381e-01 -2.882e-02 -9.461e-01  2.358e-04 -5.673e+03  4.487e+03  9.411e+01  0.000e+00 -1.025e+04
000 -1.356590e-02 -9.45983e-01 -2.902e-02 -9.457e-01  2.356e-04 -5.635e+03  4.483e+03  9.432e+01  0.000e+00 -1.021e+04
000 -1.351590e-02 -9.45983e-01 -2.902e-02 -9.457e-01  2.357e-04 -5.598e+03  4.483e+03  9.432e+01  0.000e+00 -1.017e+04
000 -1.346590e-02 -9.45356e-01 -2.926e-02 -9.451e-01  2.355e-04 -5.560e+03  4.476e+03  9.475e+01  0.000e+00 -1.013e+04
000 -1.341590e-02 -9.44914e-01 -2.948e-02 -9.447e-01  2.345e-04 -5.522e+03  4.471e+03  9.500e+01  0.000e+00 -1.009e+04
000 -1.336590e-02 -9.44914e-01 -2.948e-02 -9.447e-01  2.345e-04 -5.485e+03  4.471e+03  9.500e+01  0.000e+00 -1.005e+04
000 -1.331590e-02 -9.44240e-01 -2.973e-02 -9.440e-01  2.345e-04 -5.447e+03  4.463e+03  9.549e+01  0.000e+00 -1.001e+04
000 -1.326590e-02 -9.44233e-01 -2.973e-02 -9.440e-01  2.354e-04 -5.410e+03  4.463e+03  9.550e+01  0.000e+00 -9.968e+03
000 -1.321590e-02 -9.44233e-01 -2.973e-02 -9.440e-01  2.354e-04 -5.372e+03  4.463e+03  9.550e+01  0.000e+00 -9.930e+03
000 -1.316590e-02 -9.43239e-01 -3.012e-02 -9.430e-01  2.310e-04 -5.335e+03  4.452e+03  9.608e+01  0.000e+00 -9.882e+03
000 -1.311590e-02 -9.43000e-01 -3.024e-02 -9.427e-01  2.342e-04 -5.297e+03  4.449e+03  9.642e+01  0.000e+00 -9.842e+03
000 -1.306590e-02 -9.42472e-01 -3.051e-02 -9.422e-01  2.313e-04 -5.260e+03  4.443e+03  9.662e+01  0.000e+00 -9.799e+03
000 -1.301590e-02 -9.42472e-01 -3.051e-02 -9.422e-01  2.313e-04 -5.222e+03  4.443e+03  9.662e+01  0.000e+00 -9.762e+03
000 -1.296590e-02 -9.41734e-01 -3.087e-02 -9.415e-01  2.339e-04 -5.185e+03  4.435e+03  9.697e+01  0.000e+00 -9.717e+03
000 -1.291590e-02 -9.41490e-01 -3.096e-02 -9.412e-01  2.316e-04 -5.147e+03  4.432e+03  9.733e+01  0.000e+00 -9.677e+03
000 -1.286590e-02 -9.41040e-01 -3.114e-02 -9.408e-01  2.329e-04 -5.110e+03  4.427e+03  9.755e+01  0.000e+00 -9.635e+03
000 -1.281590e-02 -9.40579e-01 -3.136e-02 -9.403e-01  2.328e-04 -5.072e+03  4.422e+03  9.788e+01  0.000e+00 -9.593e+03
000 -1.276590e-02 -9.40579e-01 -3.136e-02 -9.403e-01  2.328e-04 -5.035e+03  4.422e+03  9.788e+01  0.000e+00 -9.555e+03
000 -1.271590e-02 -9.40579e-01 -3.136e-02 -9.403e-01  2.328e-04 -4.997e+03  4.422e+03  9.788e+01  0.000e+00 -9.518e+03
000 -1.266590e-02 -9.39481e-01 -3.185e-02 -9.392e-01  2.321e-04 -4.960e+03  4.411e+03  9.845e+01  0.000e+00 -9.469e+03
000 -1.261590e-02 -9.39079e-01 -3.204e-02 -9.388e-01  2.310e-04 -4.923e+03  4.406e+03  9.881e+01  0.000e+00 -9.428e+03
000 -1.256590e-02 -9.38582e-01 -3.228e-02 -9.383e-01  2.321e-04 -4.885e+03  4.401e+03  9.905e+01  0.000e+00 -9.385e+03
000 -1.251590e-02 -9.38582e-01 -3.228e-02 -9.383e-01  2.321e-04 -4.848e+03  4.401e+03  9.905e+01  0.000e+00 -9.348e+03
000 -1.246590e-02 -9.37817e-01 -3.265e-02 -9.375e-01  2.301e-04 -4.811e+03  4.393e+03  9.945e+01  0.000e+00 -9.303e+03
000 -1.241590e-02 -9.37817e-01 -3.265e-02 -9.375e-01  2.301e-04 -4.773e+03  4.393e+03  9.945e+01  0.000e+00 -9.266e+03
000 -1.236590e-02 -9.36954e-01 -3.307e-02 -9.367e-01  2.302e-04 -4.736e+03  4.384e+03  1.000e+02  0.000e+00 -9.220e+03
000 -1.231590e-02 -9.36954e-01 -3.307e-02 -9.367e-01  2.302e-04 -4.699e+03  4.384e+03  1.000e+02  0.000e+00 -9.183e+03
000 -1.226590e-02 -9.36134e-01 -3.342e-02 -9.358e-01  2.292e-04 -4.662e+03  4.375e+03  1.006e+02  0.000e+00 -9.138e+03
000 -1.221590e-02 -9.36134e-01 -3.342e-02 -9.358e-01  2.292e-04 -4.624e+03  4.375e+03  1.006e+02  0.000e+00 -9.100e+03
000 -1.216590e-02 -9.35280e-01 -3.379e-02 -9.350e-01  2.296e-04 -4.587e+03  4.366e+03  1.012e+02  0.000e+00 -9.055e+03
000 -1.211590e-02 -9.35275e-01 -3.379e-02 -9.350e-01  2.294e-04 -4.550e+03  4.366e+03  1.012e+02  0.000e+00 -9.017e+03
000 -1.206590e-02 -9.35275e-01 -3.379e-02 -9.350e-01  2.294e-04 -4.513e+03  4.366e+03  1.012e+02  0.000e+00 -8.980e+03
000 -1.201590e-02 -9.33918e-01 -3.455e-02 -9.336e-01  2.283e-04 -4.476e+03  4.353e+03  1.017e+02  0.000e+00 -8.930e+03
000 -1.196590e-02 -9.33644e-01 -3.469e-02 -9.333e-01  2.286e-04 -4.438e+03  4.350e+03  1.021e+02  0.000e+00 -8.890e+03
000 -1.191590e-02 -9.33098e-01 -3.496e-02 -9.328e-01  2.285e-04 -4.401e+03  4.344e+03  1.024e+02  0.000e+00 -8.848e+03
000 -1.186590e-02 -9.32627e-01 -3.528e-02 -9.323e-01  2.272e-04 -4.364e+03  4.340e+03  1.026e+02  0.000e+00 -8.806e+03
000 -1.181590e-02 -9.32165e-01 -3.556e-02 -9.319e-01  2.281e-04 -4.327e+03  4.335e+03  1.029e+02  0.000e+00 -8.765e+03
000 -1.176590e-02 -9.32165e-01 -3.556e-02 -9.319e-01  2.281e-04 -4.290e+03  4.335e+03  1.029e+02  0.000e+00 -8.728e+03
000 -1.171590e-02 -9.31248e-01 -3.606e-02 -9.309e-01  2.269e-04 -4.253e+03  4.326e+03  1.034e+02  0.000e+00 -8.682e+03
000 -1.166590e-02 -9.31247e-01 -3.606e-02 -9.309e-01  2.269e-04 -4.216e+03  4.326e+03  1.034e+02  0.000e+00 -8.645e+03
000 -1.161590e-02 -9.30212e-01 -3.660e-02 -9.299e-01  2.271e-04 -4.179e+03  4.316e+03  1.040e+02  0.000e+00 -8.599e+03
000 -1.156590e-02 -9.29733e-01 -3.696e-02 -9.294e-01  2.262e-04 -4.142e+03  4.311e+03  1.043e+02  0.000e+00 -8.557e+03
000 -1.151590e-02 -9.29733e-01 -3.696e-02 -9.294e-01  2.262e-04 -4.105e+03  4.311e+03  1.043e+02  0.000e+00 -8.520e+03
000 -1.146590e-02 -9.28807e-01 -3.741e-02 -9.285e-01  2.254e-04 -4.068e+03  4.302e+03  1.048e+02  0.000e+00 -8.475e+03
000 -1.141590e-02 -9.28806e-01 -3.741e-02 -9.285e-01  2.254e-04 -4.031e+03  4.302e+03  1.048e+02  0.000e+00 -8.438e+03
000 -1.136590e-02 -9.27802e-01 -3.803e-02 -9.275e-01  2.248e-04 -3.994e+03  4.292e+03  1.054e+02  0.000e+00 -8.392e+03
000 -1.131590e-02 -9.27250e-01 -3.838e-02 -9.269e-01  2.258e-04 -3.957e+03  4.287e+03  1.058e+02  0.000e+00 -8.350e+03
000 -1.126590e-02 -9.27250e-01 -3.838e-02 -9.269e-01  2.258e-04 -3.920e+03  4.287e+03  1.058e+02  0.000e+00 -8.313e+03
000 -1.121590e-02 -9.26334e-01 -3.886e-02 -9.260e-01  2.240e-04 -3.883e+03  4.278e+03  1.062e+02  0.000e+00 -8.268e+03
000 -1.116590e-02 -9.25749e-01 -3.928e-02 -9.254e-01  2.245e-04 -3.846e+03  4.273e+03  1.066e+02  0.000e+00 -8.226e+03
000 -1.111590e-02 -9.25749e-01 -3.928e-02 -9.254e-01  2.245e-04 -3.810e+03  4.273e+03  1.066e+02  0.000e+00 -8.189e+03
000 -1.106590e-02 -9.24607e-01 -3.982e-02 -9.243e-01  2.232e-04 -3.773e+03  4.262e+03  1.074e+02  0.000e+00 -8.142e+03
000 -1.101590e-02 -9.24607e-01 -3.982e-02 -9.243e-01  2.232e-04 -3.736e+03  4.262e+03  1.074e+02  0.000e+00 -8.105e+03
000 -1.096590e-02 -9.23462e-01 -4.053e-02 -9.231e-01  2.233e-04 -3.699e+03  4.251e+03  1.079e+02  0.000e+00 -8.058e+03
000 -1.091590e-02 -9.23462e-01 -4.053e-02 -9.231e-01  2.233e-04 -3.663e+03  4.251e+03  1.079e+02  0.000e+00 -8.022e+03
000 -1.086590e-02 -9.22455e-01 -4.124e-02 -9.221e-01  2.231e-04 -3.626e+03  4.242e+03  1.085e+02  0.000e+00 -7.976e+03
000 -1.081590e-02 -9.21847e-01 -4.181e-02 -9.215e-01  2.221e-04 -3.589e+03  4.236e+03  1.088e+02  0.000e+00 -7.934e+03
000 -1.076590e-02 -9.21847e-01 -4.181e-02 -9.215e-01  2.221e-04 -3.552e+03  4.236e+03  1.088e+02  0.000e+00 -7.898e+03
000 -1.071590e-02 -9.20798e-01 -4.265e-02 -9.204e-01  2.211e-04 -3.516e+03  4.227e+03  1.093e+02  0.000e+00 -7.852e+03
000 -1.066590e-02 -9.20140e-01 -4.315e-02 -9.198e-01  2.214e-04 -3.479e+03  4.221e+03  1.098e+02  0.000e+00 -7.810e+03
000 -1.061590e-02 -9.20140e-01 -4.315e-02 -9.198e-01  2.214e-04 -3.443e+03  4.221e+03  1.098e+02  0.000e+00 -7.773e+03
000 -1.056590e-02 -9.19024e-01 -4.410e-02 -9.186e-01  2.209e-04 -3.406e+03  4.211e+03  1.103e+02  0.000e+00 -7.727e+03
000 -1.051590e-02 -9.18472e-01 -4.437e-02 -9.181e-01  2.208e-04 -3.369e+03  4.206e+03  1.108e+02  0.000e+00 -7.686e+03
000 -1.046590e-02 -9.18472e-01 -4.437e-02 -9.181e-01  2.208e-04 -3.333e+03  4.206e+03  1.108e+02  0.000e+00 -7.649e+03
000 -1.041590e-02 -9.17180e-01 -4.539e-02 -9.168e-01  2.211e-04 -3.296e+03  4.194e+03  1.113e+02  0.000e+00 -7.602e+03
000 -1.036590e-02 -9.16570e-01 -4.583e-02 -9.162e-01  2.191e-04 -3.260e+03  4.189e+03  1.119e+02  0.000e+00 -7.561e+03
000 -1.031590e-02 -9.16570e-01 -4.583e-02 -9.162e-01  2.191e-04 -3.224e+03  4.189e+03  1.119e+02  0.000e+00 -7.524e+03
000 -1.026590e-02 -9.15125e-01 -4.711e-02 -9.147e-01  2.191e-04 -3.187e+03  4.176e+03  1.125e+02  0.000e+00 -7.476e+03
000 -1.021590e-02 -9.14480e-01 -4.787e-02 -9.140e-01  2.191e-04 -3.151e+03  4.171e+03  1.129e+02  0.000e+00 -7.434e+03
000 -1.016590e-02 -9.13859e-01 -4.838e-02 -9.134e-01  2.192e-04 -3.114e+03  4.165e+03  1.133e+02  0.000e+00 -7.393e+03
000 -1.011590e-02 -9.13142e-01 -4.903e-02 -9.127e-01  2.179e-04 -3.078e+03  4.159e+03  1.136e+02  0.000e+00 -7.351e+03
000 -1.006590e-02 -9.12390e-01 -4.967e-02 -9.119e-01  2.174e-04 -3.042e+03  4.153e+03  1.141e+02  0.000e+00 -7.308e+03
000 -1.001590e-02 -9.12390e-01 -4.967e-02 -9.119e-01  2.174e-04 -3.005e+03  4.153e+03  1.141e+02  0.000e+00 -7.272e+03
000 -9.965900e-03 -9.10973e-01 -5.099e-02 -9.105e-01  2.175e-04 -2.969e+03  4.141e+03  1.148e+02  0.000e+00 -7.225e+03
000 -9.915900e-03 -9.10251e-01 -5.210e-02 -9.098e-01  2.173e-04 -2.933e+03  4.135e+03  1.152e+02  0.000e+00 -7.183e+03
000 -9.865900e-03 -9.09694e-01 -5.242e-02 -9.092e-01  2.162e-04 -2.897e+03  4.130e+03  1.157e+02  0.000e+00 -7.142e+03
000 -9.815900e-03 -9.08633e-01 -5.441e-02 -9.081e-01  2.161e-04 -2.861e+03  4.121e+03  1.161e+02  0.000e+00 -7.098e+03
000 -9.765900e-03 -9.08006e-01 -5.468e-02 -9.075e-01  2.157e-04 -2.824e+03  4.116e+03  1.165e+02  0.000e+00 -7.057e+03
000 -9.715900e-03 -9.07145e-01 -5.544e-02 -9.066e-01  2.151e-04 -2.788e+03  4.109e+03  1.169e+02  0.000e+00 -7.014e+03
000 -9.665900e-03 -9.06385e-01 -5.605e-02 -9.059e-01  2.142e-04 -2.752e+03  4.102e+03  1.174e+02  0.000e+00 -6.972e+03
000 -9.615900e-03 -9.05695e-01 -5.723e-02 -9.052e-01  2.143e-04 -2.716e+03  4.097e+03  1.177e+02  0.000e+00 -6.930e+03
000 -9.565900e-03 -9.04590e-01 -5.828e-02 -9.041e-01  2.143e-04 -2.680e+03  4.088e+03  1.183e+02  0.000e+00 -6.886e+03
000 -9.515900e-03 -9.03715e-01 -5.933e-02 -9.032e-01  2.141e-04 -2.644e+03  4.080e+03  1.188e+02  0.000e+00 -6.843e+03
000 -9.465900e-03 -9.02695e-01 -6.174e-02 -9.021e-01  2.130e-04 -2.608e+03  4.072e+03  1.194e+02  0.000e+00 -6.800e+03
000 -9.415900e-03 -9.02120e-01 -6.189e-02 -9.015e-01  2.122e-04 -2.572e+03  4.067e+03  1.199e+02  0.000e+00 -6.760e+03
000 -9.365900e-03 -9.00999e-01 -6.331e-02 -9.004e-01  2.118e-04 -2.537e+03  4.058e+03  1.203e+02  0.000e+00 -6.715e+03
000 -9.315900e-03 -8.99760e-01 -6.529e-02 -8.992e-01  2.120e-04 -2.501e+03  4.048e+03  1.211e+02  0.000e+00 -6.670e+03
000 -9.265900e-03 -8.99196e-01 -6.552e-02 -8.986e-01  2.115e-04 -2.465e+03  4.044e+03  1.216e+02  0.000e+00 -6.630e+03
000 -9.215900e-03 -8.99196e-01 -6.552e-02 -8.986e-01  2.115e-04 -2.429e+03  4.044e+03  1.216e+02  0.000e+00 -6.595e+03
000 -9.165900e-03 -8.96857e-01 -6.924e-02 -8.962e-01  2.097e-04 -2.393e+03  4.026e+03  1.227e+02  0.000e+00 -6.542e+03
000 -9.115900e-03 -8.95772e-01 -6.984e-02 -8.951e-01  2.089e-04 -2.358e+03  4.017e+03  1.234e+02  0.000e+00 -6.498e+03
000 -9.065900e-03 -8.94321e-01 -7.311e-02 -8.936e-01  2.080e-04 -2.322e+03  4.006e+03  1.241e+02  0.000e+00 -6.452e+03
000 -9.015900e-03 -8.94321e-01 -7.311e-02 -8.936e-01  2.080e-04 -2.287e+03  4.006e+03  1.241e+02  0.000e+00 -6.416e+03
000 -8.965900e-03 -8.91989e-01 -7.630e-02 -8.913e-01  2.075e-04 -2.251e+03  3.988e+03  1.254e+02  0.000e+00 -6.364e+03
000 -8.915900e-03 -8.91038e-01 -7.660e-02 -8.903e-01  2.072e-04 -2.216e+03  3.980e+03  1.262e+02  0.000e+00 -6.322e+03
000 -8.865900e-03 -8.91038e-01 -7.660e-02 -8.903e-01  2.072e-04 -2.180e+03  3.980e+03  1.262e+02  0.000e+00 -6.287e+03
000 -8.815900e-03 -8.87979e-01 -8.147e-02 -8.872e-01  2.071e-04 -2.145e+03  3.957e+03  1.277e+02  0.000e+00 -6.230e+03
000 -8.765900e-03 -8.78174e-01 -7.198e-02 -8.775e-01  1.715e-04 -2.125e+03  3.861e+03  1.395e+02  0.000e+00 -6.126e+03
000 -8.715900e-03 -8.76920e-01 -7.333e-02 -8.762e-01  1.711e-04 -2.090e+03  3.852e+03  1.402e+02  0.000e+00 -6.082e+03
000 -8.665900e-03 -8.75199e-01 -7.545e-02 -8.745e-01  1.712e-04 -2.055e+03  3.839e+03  1.412e+02  0.000e+00 -6.035e+03
000 -8.615900e-03 -8.73619e-01 -7.750e-02 -8.729e-01  1.698e-04 -2.021e+03  3.827e+03  1.422e+02  0.000e+00 -5.990e+03
000 -8.565900e-03 -8.73619e-01 -7.750e-02 -8.729e-01  1.698e-04 -1.986e+03  3.827e+03  1.422e+02  0.000e+00 -5.955e+03
000 -8.515900e-03 -8.70411e-01 -8.190e-02 -8.696e-01  1.682e-04 -1.951e+03  3.803e+03  1.443e+02  0.000e+00 -5.899e+03
000 -8.465900e-03 -8.68589e-01 -8.386e-02 -8.678e-01  1.679e-04 -1.917e+03  3.790e+03  1.454e+02  0.000e+00 -5.852e+03
000 -8.415900e-03 -8.68588e-01 -8.386e-02 -8.678e-01  1.678e-04 -1.882e+03  3.790e+03  1.454e+02  0.000e+00 -5.817e+03
000 -8.365900e-03 -8.65244e-01 -8.813e-02 -8.644e-01  1.649e-04 -1.848e+03  3.765e+03  1.476e+02  0.000e+00 -5.760e+03
000 -8.315900e-03 -8.63126e-01 -9.094e-02 -8.623e-01  1.643e-04 -1.813e+03  3.750e+03  1.489e+02  0.000e+00 -5.712e+03
000 -8.265900e-03 -8.61373e-01 -9.266e-02 -8.605e-01  1.640e-04 -1.779e+03  3.737e+03  1.501e+02  0.000e+00 -5.666e+03
000 -8.215900e-03 -8.61373e-01 -9.266e-02 -8.605e-01  1.640e-04 -1.745e+03  3.737e+03  1.501e+02  0.000e+00 -5.632e+03
000 -8.165900e-03 -8.57540e-01 -9.761e-02 -8.566e-01  1.611e-04 -1.710e+03  3.709e+03  1.526e+02  0.000e+00 -5.572e+03
000 -8.115900e-03 -8.55745e-01 -9.993e-02 -8.548e-01  1.602e-04 -1.676e+03  3.697e+03  1.538e+02  0.000e+00 -5.527e+03
000 -8.065900e-03 -8.53468e-01 -1.026e-01 -8.525e-01  1.593e-04 -1.642e+03  3.680e+03  1.552e+02  0.000e+00 -5.478e+03
000 -8.015900e-03 -8.53467e-01 -1.026e-01 -8.525e-01  1.593e-04 -1.608e+03  3.680e+03  1.552e+02  0.000e+00 -5.444e+03
000 -7.965900e-03 -8.49420e-01 -1.071e-01 -8.484e-01  1.568e-04 -1.575e+03  3.652e+03  1.579e+02  0.000e+00 -5.385e+03
000 -7.915900e-03 -8.47347e-01 -1.098e-01 -8.463e-01  1.564e-04 -1.541e+03  3.638e+03  1.592e+02  0.000e+00 -5.338e+03
000 -7.865900e-03 -8.45055e-01 -1.127e-01 -8.440e-01  1.555e-04 -1.507e+03  3.622e+03  1.606e+02  0.000e+00 -5.290e+03
000 -7.815900e-03 -8.45055e-01 -1.127e-01 -8.440e-01  1.555e-04 -1.474e+03  3.622e+03  1.606e+02  0.000e+00 -5.256e+03
000 -7.765900e-03 -8.40403e-01 -1.205e-01 -8.392e-01  1.524e-04 -1.440e+03  3.590e+03  1.632e+02  0.000e+00 -5.194e+03
000 -7.715900e-03 -8.38332e-01 -1.221e-01 -8.372e-01  1.514e-04 -1.407e+03  3.576e+03  1.644e+02  0.000e+00 -5.147e+03
000 -7.665900e-03 -8.34773e-01 -1.311e-01 -8.335e-01  1.490e-04 -1.374e+03  3.555e+03  1.643e+02  0.000e+00 -5.092e+03
000 -7.615900e-03 -8.31859e-01 -1.339e-01 -8.306e-01  1.481e-04 -1.340e+03  3.535e+03  1.662e+02  0.000e+00 -5.042e+03
000 -7.565900e-03 -8.27444e-01 -1.429e-01 -8.261e-01  1.460e-04 -1.308e+03  3.507e+03  1.676e+02  0.000e+00 -4.982e+03
000 -7.515900e-03 -8.25170e-01 -1.442e-01 -8.238e-01  1.454e-04 -1.275e+03  3.491e+03  1.692e+02  0.000e+00 -4.935e+03
000 -7.465900e-03 -8.21915e-01 -1.475e-01 -8.205e-01  1.431e-04 -1.242e+03  3.470e+03  1.714e+02  0.000e+00 -4.883e+03
000 -7.415900e-03 -8.18511e-01 -1.549e-01 -8.170e-01  1.407e-04 -1.209e+03  3.448e+03  1.728e+02  0.000e+00 -4.830e+03
000 -7.365900e-03 -8.15554e-01 -1.566e-01 -8.140e-01  1.394e-04 -1.177e+03  3.429e+03  1.748e+02  0.000e+00 -4.780e+03
000 -7.315900e-03 -8.12475e-01 -1.596e-01 -8.109e-01  1.386e-04 -1.144e+03  3.409e+03  1.770e+02  0.000e+00 -4.730e+03
000 -7.265900e-03 -8.09335e-01 -1.653e-01 -8.077e-01  1.342e-04 -1.112e+03  3.389e+03  1.783e+02  0.000e+00 -4.680e+03
000 -7.215900e-03 -8.05893e-01 -1.691e-01 -8.042e-01  1.326e-04 -1.080e+03  3.367e+03  1.806e+02  0.000e+00 -4.628e+03
000 -7.165900e-03 -8.02390e-01 -1.741e-01 -8.007e-01  1.296e-04 -1.048e+03  3.345e+03  1.825e+02  0.000e+00 -4.576e+03
000 -7.115900e-03 -7.99936e-01 -1.757e-01 -7.982e-01  1.277e-04 -1.016e+03  3.329e+03  1.842e+02  0.000e+00 -4.530e+03
000 -7.065900e-03 -7.95607e-01 -1.832e-01 -7.938e-01  1.226e-04 -9.846e+02  3.303e+03  1.864e+02  0.000e+00 -4.474e+03
000 -7.015900e-03 -7.92983e-01 -1.844e-01 -7.912e-01  1.214e-04 -9.530e+02  3.286e+03  1.885e+02  0.000e+00 -4.427e+03
000 -6.965900e-03 -7.89215e-01 -1.894e-01 -7.874e-01  1.181e-04 -9.215e+02  3.262e+03  1.910e+02  0.000e+00 -4.375e+03
000 -6.915900e-03 -7.86547e-01 -1.908e-01 -7.847e-01  1.163e-04 -8.902e+02  3.246e+03  1.931e+02  0.000e+00 -4.329e+03
000 -6.865900e-03 -7.83234e-01 -1.950e-01 -7.813e-01  1.140e-04 -8.590e+02  3.225e+03  1.955e+02  0.000e+00 -4.279e+03
000 -6.815900e-03 -7.80326e-01 -1.966e-01 -7.784e-01  1.110e-04 -8.278e+02  3.207e+03  1.977e+02  0.000e+00 -4.232e+03
000 -6.765900e-03 -7.76820e-01 -2.007e-01 -7.749e-01  1.082e-04 -7.969e+02  3.185e+03  2.004e+02  0.000e+00 -4.183e+03
000 -6.715900e-03 -7.74034e-01 -2.024e-01 -7.720e-01  1.065e-04 -7.660e+02  3.168e+03  2.026e+02  0.000e+00 -4.137e+03
000 -6.665900e-03 -7.71188e-01 -2.051e-01 -7.692e-01  1.038e-04 -7.353e+02  3.151e+03  2.048e+02  0.000e+00 -4.091e+03
000 -6.615900e-03 -7.68335e-01 -2.068e-01 -7.663e-01  1.041e-04 -7.047e+02  3.133e+03  2.071e+02  0.000e+00 -4.045e+03
000 -6.565900e-03 -7.64930e-01 -2.108e-01 -7.629e-01  9.898e-05 -6.742e+02  3.113e+03  2.097e+02  0.000e+00 -3.997e+03
000 -6.515900e-03 -7.62204e-01 -2.125e-01 -7.601e-01  9.781e-05 -6.438e+02  3.096e+03  2.119e+02  0.000e+00 -3.952e+03
000 -6.465900e-03 -7.59464e-01 -2.142e-01 -7.574e-01  9.598e-05 -6.136e+02  3.080e+03  2.142e+02  0.000e+00 -3.908e+03
000 -6.415900e-03 -7.56021e-01 -2.166e-01 -7.539e-01  9.412e-05 -5.834e+02  3.059e+03  2.171e+02  0.000e+00 -3.860e+03
000 -6.365900e-03 -7.52804e-01 -2.196e-01 -7.506e-01  9.151e-05 -5.534e+02  3.041e+03  2.196e+02  0.000e+00 -3.814e+03
000 -6.315900e-03 -7.50223e-01 -2.221e-01 -7.480e-01  8.923e-05 -5.235e+02  3.026e+03  2.216e+02  0.000e+00 -3.771e+03
000 -6.265900e-03 -7.47342e-01 -2.241e-01 -7.451e-01  8.802e-05 -4.937e+02  3.009e+03  2.240e+02  0.000e+00 -3.726e+03
000 -6.215900e-03 -7.44306e-01 -2.270e-01 -7.421e-01  8.404e-05 -4.641e+02  2.991e+03  2.264e+02  0.000e+00 -3.682e+03
000 -6.165900e-03 -7.41296e-01 -2.290e-01 -7.390e-01  8.293e-05 -4.345e+02  2.974e+03  2.289e+02  0.000e+00 -3.637e+03
000 -6.115900e-03 -7.38755e-01 -2.306e-01 -7.365e-01  8.237e-05 -4.051e+02  2.959e+03  2.311e+02  0.000e+00 -3.595e+03
000 -6.065900e-03 -7.34825e-01 -2.349e-01 -7.325e-01  7.854e-05 -3.758e+02  2.937e+03  2.341e+02  0.000e+00 -3.547e+03
000 -6.015900e-03 -7.32236e-01 -2.361e-01 -7.299e-01  7.765e-05 -3.466e+02  2.922e+03  2.364e+02  0.000e+00 -3.505e+03
000 -5.965900e-03 -7.29196e-01 -2.392e-01 -7.268e-01  7.476e-05 -3.176e+02  2.906e+03  2.388e+02  0.000e+00 -3.462e+03
000 -5.915900e-03 -7.26334e-01 -2.405e-01 -7.240e-01  7.403e-05 -2.886e+02  2.889e+03  2.413e+02  0.000e+00 -3.419e+03
000 -5.865900e-03 -7.22808e-01 -2.446e-01 -7.204e-01  7.141e-05 -2.598e+02  2.870e+03  2.441e+02  0.000e+00 -3.374e+03
000 -5.815900e-03 -7.20108e-01 -2.456e-01 -7.177e-01  7.059e-05 -2.311e+02  2.855e+03  2.465e+02  0.000e+00 -3.333e+03
000 -5.765900e-03 -7.16768e-01 -2.488e-01 -7.143e-01  6.803e-05 -2.025e+02  2.837e+03  2.492e+02  0.000e+00 -3.289e+03
000 -5.715900e-03 -7.14121e-01 -2.500e-01 -7.117e-01  6.723e-05 -1.741e+02  2.822e+03  2.517e+02  0.000e+00 -3.248e+03
000 -5.665900e-03 -7.11014e-01 -2.527e-01 -7.085e-01  6.505e-05 -1.457e+02  2.806e+03  2.543e+02  0.000e+00 -3.206e+03
000 -5.615900e-03 -7.07623e-01 -2.553e-01 -7.051e-01  6.278e-05 -1.175e+02  2.788e+03  2.572e+02  0.000e+00 -3.162e+03
000 -5.565900e-03 -7.04830e-01 -2.568e-01 -7.023e-01  6.235e-05 -8.942e+01  2.773e+03  2.598e+02  0.000e+00 -3.122e+03
000 -5.515900e-03 -7.01830e-01 -2.583e-01 -6.993e-01  6.138e-05 -6.144e+01  2.757e+03  2.625e+02  0.000e+00 -3.081e+03
000 -5.465900e-03 -6.98801e-01 -2.614e-01 -6.962e-01  6.009e-05 -3.360e+01  2.741e+03  2.650e+02  0.000e+00 -3.040e+03
000 -5.415900e-03 -6.95659e-01 -2.627e-01 -6.931e-01  6.026e-05 -5.858e+00  2.724e+03  2.680e+02  0.000e+00 -2.998e+03
000 -5.365900e-03 -6.92456e-01 -2.659e-01 -6.898e-01  5.740e-05  2.174e+01  2.708e+03  2.706e+02  0.000e+00 -2.957e+03
000 -5.315900e-03 -6.89851e-01 -2.670e-01 -6.872e-01  5.617e-05  4.924e+01  2.694e+03  2.731e+02  0.000e+00 -2.918e+03
000 -5.265900e-03 -6.86671e-01 -2.683e-01 -6.840e-01  5.446e-05  7.662e+01  2.678e+03  2.762e+02  0.000e+00 -2.877e+03
000 -5.215900e-03 -6.83693e-01 -2.715e-01 -6.810e-01  5.438e-05  1.038e+02  2.663e+03  2.786e+02  0.000e+00 -2.838e+03
000 -5.165900e-03 -6.80346e-01 -2.731e-01 -6.776e-01  5.237e-05  1.310e+02  2.646e+03  2.818e+02  0.000e+00 -2.797e+03
000 -5.115900e-03 -6.77579e-01 -2.755e-01 -6.749e-01  5.017e-05  1.580e+02  2.632e+03  2.842e+02  0.000e+00 -2.758e+03
000 -5.065900e-03 -6.74544e-01 -2.766e-01 -6.718e-01  5.114e-05  1.849e+02  2.617e+03  2.872e+02  0.000e+00 -2.719e+03
000 -5.015900e-03 -6.71541e-01 -2.789e-01 -6.688e-01  5.131e-05  2.116e+02  2.602e+03  2.898e+02  0.000e+00 -2.680e+03
000 -4.965900e-03 -6.68300e-01 -2.810e-01 -6.655e-01  5.046e-05  2.383e+02  2.586e+03  2.928e+02  0.000e+00 -2.641e+03
000 -4.915900e-03 -6.65508e-01 -2.822e-01 -6.627e-01  4.883e-05  2.648e+02  2.573e+03  2.956e+02  0.000e+00 -2.603e+03
000 -4.865900e-03 -6.62215e-01 -2.845e-01 -6.594e-01  4.719e-05  2.912e+02  2.557e+03  2.985e+02  0.000e+00 -2.564e+03
000 -4.815900e-03 -6.59419e-01 -2.855e-01 -6.566e-01  4.753e-05  3.175e+02  2.543e+03  3.014e+02  0.000e+00 -2.527e+03
000 -4.765900e-03 -6.56343e-01 -2.878e-01 -6.535e-01  4.636e-05  3.436e+02  2.529e+03  3.040e+02  0.000e+00 -2.489e+03
000 -4.715900e-03 -6.53196e-01 -2.894e-01 -6.503e-01  4.640e-05  3.697e+02  2.514e+03  3.071e+02  0.000e+00 -2.451e+03
000 -4.665900e-03 -6.50036e-01 -2.913e-01 -6.472e-01  4.478e-05  3.956e+02  2.499e+03  3.100e+02  0.000e+00 -2.414e+03
000 -4.615900e-03 -6.47146e-01 -2.923e-01 -6.443e-01  4.414e-05  4.214e+02  2.485e+03  3.130e+02  0.000e+00 -2.377e+03
000 -4.565900e-03 -6.43987e-01 -2.946e-01 -6.411e-01  4.442e-05  4.471e+02  2.471e+03  3.158e+02  0.000e+00 -2.340e+03
000 -4.515900e-03 -6.41058e-01 -2.954e-01 -6.381e-01  4.307e-05  4.727e+02  2.458e+03  3.189e+02  0.000e+00 -2.304e+03
000 -4.465900e-03 -6.37760e-01 -2.978e-01 -6.348e-01  4.233e-05  4.981e+02  2.443e+03  3.217e+02  0.000e+00 -2.267e+03
000 -4.415900e-03 -6.35049e-01 -2.987e-01 -6.321e-01  4.194e-05  5.234e+02  2.430e+03  3.247e+02  0.000e+00 -2.232e+03
000 -4.365900e-03 -6.32081e-01 -3.004e-01 -6.291e-01  4.103e-05  5.486e+02  2.417e+03  3.274e+02  0.000e+00 -2.196e+03
000 -4.315900e-03 -6.28871e-01 -3.021e-01 -6.259e-01  4.129e-05  5.737e+02  2.403e+03  3.304e+02  0.000e+00 -2.160e+03
000 -4.265900e-03 -6.25857e-01 -3.037e-01 -6.229e-01  3.984e-05  5.986e+02  2.390e+03  3.334e+02  0.000e+00 -2.125e+03
000 -4.215900e-03 -6.22875e-01 -3.048e-01 -6.199e-01  4.004e-05  6.235e+02  2.377e+03  3.365e+02  0.000e+00 -2.090e+03
000 -4.165900e-03 -6.19766e-01 -3.069e-01 -6.167e-01  3.970e-05  6.482e+02  2.364e+03  3.392e+02  0.000e+00 -2.055e+03
000 -4.115900e-03 -6.16763e-01 -3.079e-01 -6.137e-01  3.838e-05  6.728e+02  2.350e+03  3.425e+02  0.000e+00 -2.020e+03
000 -4.065900e-03 -6.14031e-01 -3.088e-01 -6.110e-01  3.844e-05  6.973e+02  2.339e+03  3.454e+02  0.000e+00 -1.987e+03
000 -4.015900e-03 -6.10639e-01 -3.113e-01 -6.076e-01  3.819e-05  7.216e+02  2.325e+03  3.481e+02  0.000e+00 -1.951e+03
000 -3.965900e-03 -6.07705e-01 -3.121e-01 -6.046e-01  3.773e-05  7.458e+02  2.312e+03  3.515e+02  0.000e+00 -1.918e+03
000 -3.915900e-03 -6.04498e-01 -3.142e-01 -6.014e-01  3.708e-05  7.700e+02  2.299e+03  3.542e+02  0.000e+00 -1.884e+03
000 -3.865900e-03 -6.01679e-01 -3.149e-01 -5.986e-01  3.662e-05  7.940e+02  2.288e+03  3.574e+02  0.000e+00 -1.851e+03
000 -3.815900e-03 -5.98568e-01 -3.168e-01 -5.954e-01  3.614e-05  8.178e+02  2.275e+03  3.600e+02  0.000e+00 -1.818e+03
000 -3.765900e-03 -5.95793e-01 -3.174e-01 -5.926e-01  3.554e-05  8.416e+02  2.264e+03  3.632e+02  0.000e+00 -1.785e+03
000 -3.715900e-03 -5.92341e-01 -3.195e-01 -5.892e-01  3.501e-05  8.652e+02  2.251e+03  3.662e+02  0.000e+00 -1.752e+03
000 -3.665900e-03 -5.89839e-01 -3.200e-01 -5.867e-01  3.411e-05  8.887e+02  2.240e+03  3.691e+02  0.000e+00 -1.721e+03
000 -3.615900e-03 -5.86333e-01 -3.225e-01 -5.831e-01  3.429e-05  9.121e+02  2.227e+03  3.719e+02  0.000e+00 -1.687e+03
000 -3.565900e-03 -5.83391e-01 -3.233e-01 -5.802e-01  3.368e-05  9.354e+02  2.216e+03  3.753e+02  0.000e+00 -1.655e+03
000 -3.515900e-03 -5.80620e-01 -3.240e-01 -5.774e-01  3.330e-05  9.585e+02  2.205e+03  3.783e+02  0.000e+00 -1.624e+03
000 -3.465900e-03 -5.77136e-01 -3.266e-01 -5.739e-01  3.344e-05  9.815e+02  2.192e+03  3.809e+02  0.000e+00 -1.592e+03
000 -3.415900e-03 -5.74150e-01 -3.273e-01 -5.709e-01  3.244e-05  1.004e+03  2.181e+03  3.844e+02  0.000e+00 -1.561e+03
000 -3.365900e-03 -5.70871e-01 -3.300e-01 -5.676e-01  3.264e-05  1.027e+03  2.170e+03  3.866e+02  0.000e+00 -1.529e+03
000 -3.315900e-03 -5.67929e-01 -3.305e-01 -5.647e-01  3.125e-05  1.050e+03  2.158e+03  3.901e+02  0.000e+00 -1.499e+03
000 -3.265900e-03 -5.64625e-01 -3.327e-01 -5.613e-01  3.154e-05  1.072e+03  2.147e+03  3.925e+02  0.000e+00 -1.467e+03
000 -3.215900e-03 -5.61252e-01 -3.348e-01 -5.579e-01  3.093e-05  1.095e+03  2.136e+03  3.951e+02  0.000e+00 -1.436e+03
000 -3.165900e-03 -5.58231e-01 -3.353e-01 -5.549e-01  3.088e-05  1.117e+03  2.125e+03  3.987e+02  0.000e+00 -1.406e+03
009 -3.115900e-03 -4.58469e-01 -4.940e-01 -4.536e-01 -5.564e-05  8.518e+02  1.779e+03  2.091e+02  0.000e+00 -1.137e+03
000 -3.065900e-03 -4.54768e-01 -4.943e-01 -4.498e-01 -5.740e-05  8.700e+02  1.769e+03  2.110e+02  0.000e+00 -1.110e+03
000 -3.015900e-03 -4.50751e-01 -4.950e-01 -4.458e-01 -5.931e-05  8.880e+02  1.757e+03  2.130e+02  0.000e+00 -1.082e+03
000 -2.965900e-03 -4.47050e-01 -4.957e-01 -4.421e-01 -6.085e-05  9.059e+02  1.746e+03  2.150e+02  0.000e+00 -1.055e+03
000 -2.915900e-03 -4.39394e-01 -5.139e-01 -4.343e-01 -7.743e-05  9.233e+02  1.730e+03  2.129e+02  0.000e+00 -1.020e+03
000 -2.865900e-03 -4.35153e-01 -5.168e-01 -4.300e-01 -7.993e-05  9.407e+02  1.718e+03  2.149e+02  0.000e+00 -9.924e+02
000 -2.815900e-03 -4.31188e-01 -5.178e-01 -4.260e-01 -8.148e-05  9.579e+02  1.707e+03  2.166e+02  0.000e+00 -9.662e+02
000 -2.765900e-03 -4.26924e-01 -5.209e-01 -4.217e-01 -8.315e-05  9.750e+02  1.696e+03  2.184e+02  0.000e+00 -9.397e+02
000 -2.715900e-03 -4.23320e-01 -5.216e-01 -4.181e-01 -8.493e-05  9.919e+02  1.686e+03  2.204e+02  0.000e+00 -9.149e+02
000 -2.665900e-03 -4.18871e-01 -5.249e-01 -4.136e-01 -8.708e-05  1.009e+03  1.675e+03  2.221e+02  0.000e+00 -8.886e+02
000 -2.615900e-03 -4.14947e-01 -5.256e-01 -4.097e-01 -8.770e-05  1.025e+03  1.665e+03  2.241e+02  0.000e+00 -8.638e+02
000 -2.565900e-03 -4.10715e-01 -5.271e-01 -4.055e-01 -8.914e-05  1.042e+03  1.654e+03  2.259e+02  0.000e+00 -8.386e+02
000 -2.515900e-03 -4.07039e-01 -5.277e-01 -4.018e-01 -9.034e-05  1.058e+03  1.645e+03  2.281e+02  0.000e+00 -8.149e+02
000 -2.465900e-03 -4.01844e-01 -5.346e-01 -3.965e-01 -9.006e-05  1.074e+03  1.633e+03  2.299e+02  0.000e+00 -7.885e+02
000 -2.415900e-03 -3.97083e-01 -5.379e-01 -3.917e-01 -8.966e-05  1.090e+03  1.621e+03  2.323e+02  0.000e+00 -7.634e+02
000 -2.365900e-03 -3.93314e-01 -5.386e-01 -3.879e-01 -9.249e-05  1.106e+03  1.612e+03  2.342e+02  0.000e+00 -7.405e+02
000 -2.315900e-03 -3.89020e-01 -5.408e-01 -3.836e-01 -9.096e-05  1.121e+03  1.602e+03  2.363e+02  0.000e+00 -7.169e+02
000 -2.265900e-03 -3.85032e-01 -5.416e-01 -3.796e-01 -9.242e-05  1.136e+03  1.592e+03  2.383e+02  0.000e+00 -6.943e+02
000 -2.215900e-03 -3.80524e-01 -5.437e-01 -3.751e-01 -9.223e-05  1.152e+03  1.582e+03  2.408e+02  0.000e+00 -6.710e+02
000 -2.165900e-03 -3.77001e-01 -5.443e-01 -3.716e-01 -9.300e-05  1.167e+03  1.574e+03  2.425e+02  0.000e+00 -6.498e+02
000 -2.115900e-03 -3.72455e-01 -5.458e-01 -3.670e-01 -9.355e-05  1.182e+03  1.564e+03  2.450e+02  0.000e+00 -6.271e+02
000 -2.065900e-03 -3.68729e-01 -5.464e-01 -3.633e-01 -9.474e-05  1.196e+03  1.556e+03  2.469e+02  0.000e+00 -6.062e+02
000 -2.015900e-03 -3.64663e-01 -5.473e-01 -3.592e-01 -9.519e-05  1.211e+03  1.547e+03  2.490e+02  0.000e+00 -5.850e+02
000 -1.965900e-03 -3.60434e-01 -5.487e-01 -3.550e-01 -9.541e-05  1.225e+03  1.538e+03  2.512e+02  0.000e+00 -5.639e+02
000 -1.915900e-03 -3.56486e-01 -5.497e-01 -3.510e-01 -9.621e-05  1.240e+03  1.530e+03  2.533e+02  0.000e+00 -5.435e+02
000 -1.865900e-03 -3.52682e-01 -5.503e-01 -3.472e-01 -9.698e-05  1.254e+03  1.522e+03  2.555e+02  0.000e+00 -5.237e+02
000 -1.815900e-03 -3.48271e-01 -5.513e-01 -3.428e-01 -9.758e-05  1.268e+03  1.513e+03  2.578e+02  0.000e+00 -5.033e+02
000 -1.765900e-03 -3.44300e-01 -5.521e-01 -3.388e-01 -9.777e-05  1.281e+03  1.505e+03  2.600e+02  0.000e+00 -4.838e+02
000 -1.715900e-03 -3.40364e-01 -5.529e-01 -3.349e-01 -9.845e-05  1.295e+03  1.498e+03  2.621e+02  0.000e+00 -4.648e+02
000 -1.665900e-03 -3.36178e-01 -5.537e-01 -3.307e-01 -9.929e-05  1.309e+03  1.490e+03  2.644e+02  0.000e+00 -4.457e+02
000 -1.615900e-03 -3.32159e-01 -5.545e-01 -3.266e-01 -9.939e-05  1.322e+03  1.482e+03  2.666e+02  0.000e+00 -4.271e+02
000 -1.565900e-03 -3.28251e-01 -5.550e-01 -3.227e-01 -1.004e-04  1.335e+03  1.475e+03  2.688e+02  0.000e+00 -4.090e+02
000 -1.515900e-03 -3.24058e-01 -5.557e-01 -3.185e-01 -1.006e-04  1.348e+03  1.468e+03  2.711e+02  0.000e+00 -3.909e+02
000 -1.465900e-03 -3.20026e-01 -5.565e-01 -3.145e-01 -1.009e-04  1.361e+03  1.461e+03  2.734e+02  0.000e+00 -3.733e+02
000 -1.415900e-03 -3.16119e-01 -5.571e-01 -3.106e-01 -1.013e-04  1.373e+03  1.454e+03  2.756e+02  0.000e+00 -3.562e+02
000 -1.365900e-03 -3.12048e-01 -5.578e-01 -3.065e-01 -1.016e-04  1.386e+03  1.447e+03  2.779e+02  0.000e+00 -3.392e+02
000 -1.315900e-03 -3.08051e-01 -5.582e-01 -3.025e-01 -1.026e-04  1.398e+03  1.441e+03  2.802e+02  0.000e+00 -3.226e+02
000 -1.265900e-03 -3.03977e-01 -5.589e-01 -2.984e-01 -1.026e-04  1.410e+03  1.434e+03  2.826e+02  0.000e+00 -3.062e+02
000 -1.215900e-03 -3.00148e-01 -5.592e-01 -2.946e-01 -1.038e-04  1.422e+03  1.428e+03  2.849e+02  0.000e+00 -2.904e+02
000 -1.165900e-03 -2.95891e-01 -5.598e-01 -2.903e-01 -1.037e-04  1.434e+03  1.421e+03  2.873e+02  0.000e+00 -2.745e+02
000 -1.115900e-03 -2.91842e-01 -5.603e-01 -2.863e-01 -1.042e-04  1.446e+03  1.415e+03  2.897e+02  0.000e+00 -2.592e+02
000 -1.065900e-03 -2.88042e-01 -5.606e-01 -2.825e-01 -1.048e-04  1.457e+03  1.410e+03  2.920e+02  0.000e+00 -2.443e+02
000 -1.015900e-03 -2.83744e-01 -5.610e-01 -2.781e-01 -1.054e-04  1.469e+03  1.404e+03  2.945e+02  0.000e+00 -2.294e+02
000 -9.659000e-04 -2.80254e-01 -5.611e-01 -2.747e-01 -1.062e-04  1.480e+03  1.399e+03  2.969e+02  0.000e+00 -2.154e+02
000 -9.159000e-04 -2.75968e-01 -5.615e-01 -2.704e-01 -1.067e-04  1.491e+03  1.393e+03  2.992e+02  0.000e+00 -2.011e+02
000 -8.659000e-04 -2.71972e-01 -5.620e-01 -2.664e-01 -1.065e-04  1.502e+03  1.388e+03  3.016e+02  0.000e+00 -1.874e+02
000 -8.159000e-04 -2.67965e-01 -5.624e-01 -2.624e-01 -1.073e-04  1.513e+03  1.383e+03  3.041e+02  0.000e+00 -1.740e+02
000 -7.659000e-04 -2.63895e-01 -5.627e-01 -2.583e-01 -1.080e-04  1.523e+03  1.378e+03  3.065e+02  0.000e+00 -1.608e+02
000 -7.159000e-04 -2.60092e-01 -5.627e-01 -2.545e-01 -1.091e-04  1.534e+03  1.373e+03  3.092e+02  0.000e+00 -1.482e+02
000 -6.659000e-04 -2.55971e-01 -5.629e-01 -2.504e-01 -1.092e-04  1.544e+03  1.368e+03  3.114e+02  0.000e+00 -1.356e+02
000 -6.159000e-04 -2.52170e-01 -5.633e-01 -2.465e-01 -1.098e-04  1.554e+03  1.364e+03  3.139e+02  0.000e+00 -1.236e+02
000 -5.659000e-04 -2.48060e-01 -5.636e-01 -2.424e-01 -1.103e-04  1.564e+03  1.359e+03  3.164e+02  0.000e+00 -1.117e+02
000 -5.159000e-04 -2.44250e-01 -5.637e-01 -2.386e-01 -1.112e-04  1.574e+03  1.355e+03  3.189e+02  0.000e+00 -1.003e+02
000 -4.659000e-04 -2.40200e-01 -5.639e-01 -2.346e-01 -1.116e-04  1.583e+03  1.351e+03  3.214e+02  0.000e+00 -8.905e+01
000 -4.159000e-04 -2.36243e-01 -5.641e-01 -2.306e-01 -1.126e-04  1.593e+03  1.347e+03  3.239e+02  0.000e+00 -7.819e+01
000 -3.659000e-04 -2.32281e-01 -5.642e-01 -2.267e-01 -1.130e-04  1.602e+03  1.343e+03  3.265e+02  0.000e+00 -6.763e+01
000 -3.159000e-04 -2.28438e-01 -5.643e-01 -2.228e-01 -1.140e-04  1.611e+03  1.340e+03  3.289e+02  0.000e+00 -5.743e+01
000 -2.659000e-04 -2.24541e-01 -5.646e-01 -2.189e-01 -1.144e-04  1.620e+03  1.337e+03  3.314e+02  0.000e+00 -4.751e+01
000 -2.159000e-04 -2.20515e-01 -5.648e-01 -2.149e-01 -1.152e-04  1.629e+03  1.333e+03  3.340e+02  0.000e+00 -3.789e+01
000 -1.659000e-04 -2.16739e-01 -5.648e-01 -2.111e-01 -1.162e-04  1.638e+03  1.330e+03  3.364e+02  0.000e+00 -2.861e+01
000 -1.159000e-04 -2.12706e-01 -5.649e-01 -2.071e-01 -1.164e-04  1.647e+03  1.327e+03  3.391e+02  0.000e+00 -1.962e+01
000 -6.590000e-05 -2.08990e-01 -5.647e-01 -2.034e-01 -1.176e-04  1.655e+03  1.324e+03  3.420e+02  0.000e+00 -1.096e+01
000 -1.590000e-05 -2.04752e-01 -5.650e-01 -1.991e-01 -1.186e-04  1.663e+03  1.322e+03  3.442e+02  0.000e+00 -2.591e+00
000  3.410000e-05 -2.00752e-01 -5.652e-01 -1.951e-01 -1.193e-04  1.671e+03  1.319e+03  3.468e+02  0.000e+00  5.448e+00
000  8.410000e-05 -1.96973e-01 -5.655e-01 -1.913e-01 -1.200e-04  1.679e+03  1.317e+03  3.493e+02  0.000e+00  1.318e+01
000  1.341000e-04 -1.93178e-01 -5.655e-01 -1.875e-01 -1.209e-04  1.687e+03  1.315e+03  3.518e+02  0.000e+00  2.061e+01
000  1.841000e-04 -1.89139e-01 -5.654e-01 -1.835e-01 -1.211e-04  1.694e+03  1.312e+03  3.546e+02  0.000e+00  2.771e+01
000  2.341000e-04 -1.85298e-01 -5.654e-01 -1.797e-01 -1.221e-04  1.702e+03  1.310e+03  3.571e+02  0.000e+00  3.452e+01
000  2.841000e-04 -1.81211e-01 -5.657e-01 -1.756e-01 -1.229e-04  1.709e+03  1.309e+03  3.597e+02  0.000e+00  4.097e+01
000  3.341000e-04 -1.77417e-01 -5.658e-01 -1.718e-01 -1.234e-04  1.716e+03  1.307e+03  3.621e+02  0.000e+00  4.717e+01
000  3.841000e-04 -1.73673e-01 -5.657e-01 -1.680e-01 -1.244e-04  1.723e+03  1.306e+03  3.647e+02  0.000e+00  5.308e+01
000  4.341000e-04 -1.69404e-01 -5.658e-01 -1.638e-01 -1.264e-04  1.730e+03  1.304e+03  3.673e+02  0.000e+00  5.852e+01
000  4.841000e-04 -1.65220e-01 -5.659e-01 -1.596e-01 -1.262e-04  1.737e+03  1.303e+03  3.700e+02  0.000e+00  6.365e+01
