#vtu   mu0 Hext(T)       J.h(T)      Jx(T)      Jy(T)      Jz(T)    e(J/m3) e_ms(J/m3) e_ex(J/m3) e_an(J/m3) e_ze(J/m3)
3.000000000000000000e+00 3.141589999999999661e-02 9.281089999999999618e-01 2.036999999999999922e-01 9.281000000000000361e-01 3.467000000000000009e-07 -1.609000000000000000e+04 6.737000000000000000e+03 3.738999999999999773e+02 0.000000000000000000e+00 -2.320000000000000000e+04
0.000000000000000000e+00 3.096590000000000106e-02 9.265989999999999505e-01 2.064999999999999891e-01 9.265999999999999792e-01 3.908999999999999864e-07 -1.576000000000000000e+04 6.702000000000000000e+03 3.713999999999999773e+02 0.000000000000000000e+00 -2.283000000000000000e+04
0.000000000000000000e+00 3.051589999999999858e-02 9.250389999999999446e-01 2.094999999999999918e-01 9.250000000000000444e-01 4.139000000000000203e-07 -1.543000000000000000e+04 6.667000000000000000e+03 3.688000000000000114e+02 0.000000000000000000e+00 -2.246000000000000000e+04
0.000000000000000000e+00 3.006589999999999957e-02 9.234560000000000546e-01 2.124999999999999944e-01 9.234999999999999876e-01 3.984000000000000205e-07 -1.510000000000000000e+04 6.631000000000000000e+03 3.661000000000000227e+02 0.000000000000000000e+00 -2.209000000000000000e+04
0.000000000000000000e+00 2.961590000000000056e-02 9.217870000000000230e-01 2.157000000000000028e-01 9.217999999999999527e-01 3.972999999999999908e-07 -1.477000000000000000e+04 6.594000000000000000e+03 3.633000000000000114e+02 0.000000000000000000e+00 -2.172000000000000000e+04
0.000000000000000000e+00 2.916590000000000155e-02 9.200960000000000250e-01 2.187999999999999945e-01 9.201000000000000290e-01 7.914999999999999605e-07 -1.444000000000000000e+04 6.557000000000000000e+03 3.605000000000000000e+02 0.000000000000000000e+00 -2.135000000000000000e+04
0.000000000000000000e+00 2.871589999999999906e-02 9.183379999999999876e-01 2.220999999999999919e-01 9.183000000000000052e-01 2.334999999999999931e-07 -1.411000000000000000e+04 6.520000000000000000e+03 3.575000000000000000e+02 0.000000000000000000e+00 -2.099000000000000000e+04
0.000000000000000000e+00 2.826590000000000005e-02 9.165240000000000054e-01 2.255000000000000060e-01 9.164999999999999813e-01 4.595000000000000051e-07 -1.378000000000000000e+04 6.482000000000000000e+03 3.543999999999999773e+02 0.000000000000000000e+00 -2.062000000000000000e+04
0.000000000000000000e+00 2.781590000000000104e-02 9.146589999999999998e-01 2.290000000000000091e-01 9.146999999999999575e-01 2.629000000000000049e-07 -1.345000000000000000e+04 6.443000000000000000e+03 3.513000000000000114e+02 0.000000000000000000e+00 -2.025000000000000000e+04
0.000000000000000000e+00 2.736589999999999856e-02 9.127100000000000213e-01 2.326000000000000012e-01 9.126999999999999558e-01 4.151000000000000046e-07 -1.312000000000000000e+04 6.404000000000000000e+03 3.480000000000000000e+02 0.000000000000000000e+00 -1.988000000000000000e+04
0.000000000000000000e+00 2.691589999999999955e-02 9.106969999999999787e-01 2.363000000000000100e-01 9.106999999999999540e-01 5.559000000000000478e-07 -1.280000000000000000e+04 6.364000000000000000e+03 3.445000000000000000e+02 0.000000000000000000e+00 -1.951000000000000000e+04
0.000000000000000000e+00 2.646590000000000054e-02 9.086370000000000280e-01 2.401000000000000079e-01 9.085999999999999632e-01 5.483000000000000062e-07 -1.247000000000000000e+04 6.324000000000000000e+03 3.411000000000000227e+02 0.000000000000000000e+00 -1.914000000000000000e+04
0.000000000000000000e+00 2.601590000000000152e-02 9.064889999999999892e-01 2.441000000000000114e-01 9.064999999999999725e-01 4.659000000000000095e-07 -1.215000000000000000e+04 6.282000000000000000e+03 3.375000000000000000e+02 0.000000000000000000e+00 -1.877000000000000000e+04
0.000000000000000000e+00 2.556589999999999904e-02 9.042630000000000390e-01 2.480999999999999872e-01 9.042999999999999927e-01 5.264999999999999566e-07 -1.182000000000000000e+04 6.240000000000000000e+03 3.338999999999999773e+02 0.000000000000000000e+00 -1.840000000000000000e+04
0.000000000000000000e+00 2.511590000000000003e-02 9.019289999999999807e-01 2.524000000000000132e-01 9.019000000000000350e-01 5.066999999999999513e-07 -1.150000000000000000e+04 6.197000000000000000e+03 3.301000000000000227e+02 0.000000000000000000e+00 -1.803000000000000000e+04
0.000000000000000000e+00 2.466590000000000102e-02 8.995530000000000470e-01 2.566999999999999837e-01 8.995999999999999552e-01 5.645999999999999603e-07 -1.118000000000000000e+04 6.154000000000000000e+03 3.261999999999999886e+02 0.000000000000000000e+00 -1.766000000000000000e+04
0.000000000000000000e+00 2.421589999999999854e-02 8.970150000000000068e-01 2.612999999999999767e-01 8.970000000000000195e-01 7.056999999999999730e-07 -1.086000000000000000e+04 6.108000000000000000e+03 3.221999999999999886e+02 0.000000000000000000e+00 -1.729000000000000000e+04
0.000000000000000000e+00 2.376589999999999953e-02 8.944459999999999633e-01 2.657999999999999807e-01 8.943999999999999728e-01 4.252999999999999768e-07 -1.053000000000000000e+04 6.063000000000000000e+03 3.183000000000000114e+02 0.000000000000000000e+00 -1.692000000000000000e+04
0.000000000000000000e+00 2.331590000000000051e-02 8.917350000000000554e-01 2.706999999999999962e-01 8.917000000000000481e-01 5.839000000000000338e-07 -1.021000000000000000e+04 6.017000000000000000e+03 3.141000000000000227e+02 0.000000000000000000e+00 -1.655000000000000000e+04
0.000000000000000000e+00 2.286590000000000150e-02 8.889219999999999899e-01 2.757000000000000006e-01 8.889000000000000234e-01 6.216000000000000074e-07 -9.896000000000000000e+03 5.969000000000000000e+03 3.098000000000000114e+02 0.000000000000000000e+00 -1.617000000000000000e+04
0.000000000000000000e+00 2.241589999999999902e-02 8.859789999999999610e-01 2.808999999999999830e-01 8.860000000000000098e-01 5.892000000000000085e-07 -9.578000000000000000e+03 5.921000000000000000e+03 3.053999999999999773e+02 0.000000000000000000e+00 -1.580000000000000000e+04
0.000000000000000000e+00 2.196590000000000001e-02 8.829139999999999766e-01 2.862000000000000099e-01 8.829000000000000181e-01 5.601000000000000457e-07 -9.261000000000000000e+03 5.871000000000000000e+03 3.008999999999999773e+02 0.000000000000000000e+00 -1.543000000000000000e+04
0.000000000000000000e+00 2.151590000000000100e-02 8.796460000000000390e-01 2.919999999999999818e-01 8.796000000000000485e-01 7.020000000000000127e-07 -8.946000000000000000e+03 5.819000000000000000e+03 2.960000000000000000e+02 0.000000000000000000e+00 -1.506000000000000000e+04
0.000000000000000000e+00 2.106589999999999852e-02 8.763499999999999623e-01 2.977000000000000202e-01 8.762999999999999678e-01 6.497000000000000010e-07 -8.631000000000000000e+03 5.768000000000000000e+03 2.915000000000000000e+02 0.000000000000000000e+00 -1.469000000000000000e+04
0.000000000000000000e+00 2.061589999999999950e-02 8.728380000000000027e-01 3.038000000000000145e-01 8.728000000000000203e-01 1.049000000000000036e-06 -8.318000000000000000e+03 5.715000000000000000e+03 2.866999999999999886e+02 0.000000000000000000e+00 -1.432000000000000000e+04
0.000000000000000000e+00 2.016590000000000049e-02 8.691640000000000477e-01 3.100999999999999868e-01 8.691999999999999726e-01 1.193999999999999918e-06 -8.006000000000000000e+03 5.660000000000000000e+03 2.818000000000000114e+02 0.000000000000000000e+00 -1.395000000000000000e+04
0.000000000000000000e+00 1.971590000000000148e-02 8.652790000000000203e-01 3.166999999999999815e-01 8.652999999999999581e-01 1.151000000000000076e-06 -7.696000000000000000e+03 5.603000000000000000e+03 2.766999999999999886e+02 0.000000000000000000e+00 -1.358000000000000000e+04
0.000000000000000000e+00 1.926589999999999900e-02 8.612379999999999480e-01 3.235999999999999988e-01 8.611999999999999655e-01 8.265000000000000489e-07 -7.387000000000000000e+03 5.546000000000000000e+03 2.715000000000000000e+02 0.000000000000000000e+00 -1.320000000000000000e+04
0.000000000000000000e+00 1.881589999999999999e-02 8.569240000000000190e-01 3.309000000000000274e-01 8.568999999999999950e-01 2.204999999999999958e-07 -7.079000000000000000e+03 5.486000000000000000e+03 2.661999999999999886e+02 0.000000000000000000e+00 -1.283000000000000000e+04
0.000000000000000000e+00 1.836590000000000097e-02 8.524500000000000410e-01 3.383999999999999786e-01 8.525000000000000355e-01 7.163000000000000283e-07 -6.773000000000000000e+03 5.425000000000000000e+03 2.608999999999999773e+02 0.000000000000000000e+00 -1.246000000000000000e+04
0.000000000000000000e+00 1.791589999999999849e-02 8.476890000000000258e-01 3.462999999999999967e-01 8.477000000000000091e-01 7.186999999999999968e-07 -6.468000000000000000e+03 5.362000000000000000e+03 2.553000000000000114e+02 0.000000000000000000e+00 -1.209000000000000000e+04
0.000000000000000000e+00 1.746589999999999948e-02 8.426670000000000549e-01 3.546000000000000263e-01 8.427000000000000046e-01 8.160000000000000012e-07 -6.166000000000000000e+03 5.297000000000000000e+03 2.496999999999999886e+02 0.000000000000000000e+00 -1.171000000000000000e+04
0.000000000000000000e+00 1.701590000000000047e-02 8.373660000000000547e-01 3.633000000000000118e-01 8.374000000000000332e-01 4.434000000000000132e-07 -5.865000000000000000e+03 5.230000000000000000e+03 2.439000000000000057e+02 0.000000000000000000e+00 -1.134000000000000000e+04
0.000000000000000000e+00 1.656590000000000146e-02 8.317059999999999453e-01 3.724999999999999978e-01 8.316999999999999948e-01 9.546999999999999395e-07 -5.566000000000000000e+03 5.160000000000000000e+03 2.380000000000000000e+02 0.000000000000000000e+00 -1.096000000000000000e+04
0.000000000000000000e+00 1.611589999999999898e-02 8.257269999999999888e-01 3.821999999999999842e-01 8.256999999999999895e-01 9.963000000000001003e-07 -5.269000000000000000e+03 5.088000000000000000e+03 2.320000000000000000e+02 0.000000000000000000e+00 -1.059000000000000000e+04
0.000000000000000000e+00 1.566589999999999996e-02 8.193810000000000260e-01 3.922999999999999821e-01 8.194000000000000172e-01 1.196000000000000069e-06 -4.975000000000000000e+03 5.014000000000000000e+03 2.259000000000000057e+02 0.000000000000000000e+00 -1.021000000000000000e+04
0.000000000000000000e+00 1.521589999999999922e-02 8.125580000000000025e-01 4.032000000000000028e-01 8.125999999999999890e-01 8.170999999999999515e-08 -4.683000000000000000e+03 4.937000000000000000e+03 2.195000000000000000e+02 0.000000000000000000e+00 -9.839000000000000000e+03
0.000000000000000000e+00 1.476590000000000021e-02 8.054120000000000168e-01 4.143999999999999906e-01 8.054000000000000048e-01 2.197999999999999962e-07 -4.393000000000000000e+03 4.858000000000000000e+03 2.133000000000000114e+02 0.000000000000000000e+00 -9.464000000000000000e+03
0.000000000000000000e+00 1.431589999999999946e-02 7.976889999999999814e-01 4.264999999999999902e-01 7.976999999999999647e-01 1.202999999999999959e-06 -4.106000000000000000e+03 4.775000000000000000e+03 2.068000000000000114e+02 0.000000000000000000e+00 -9.087000000000000000e+03
0.000000000000000000e+00 1.386590000000000045e-02 7.894790000000000418e-01 4.391999999999999793e-01 7.894999999999999796e-01 1.196000000000000069e-06 -3.822000000000000000e+03 4.689000000000000000e+03 2.001999999999999886e+02 0.000000000000000000e+00 -8.711000000000000000e+03
0.000000000000000000e+00 1.341589999999999970e-02 7.805640000000000356e-01 4.529000000000000248e-01 7.805999999999999606e-01 1.176000000000000048e-06 -3.541000000000000000e+03 4.599000000000000000e+03 1.934000000000000057e+02 0.000000000000000000e+00 -8.333000000000000000e+03
0.000000000000000000e+00 1.296590000000000069e-02 7.708829999999999849e-01 4.676000000000000156e-01 7.709000000000000297e-01 1.153000000000000015e-06 -3.263000000000000000e+03 4.505000000000000000e+03 1.863000000000000114e+02 0.000000000000000000e+00 -7.954000000000000000e+03
0.000000000000000000e+00 1.251589999999999994e-02 7.607120000000000548e-01 4.828999999999999959e-01 7.607000000000000428e-01 1.281999999999999965e-06 -2.989000000000000000e+03 4.409000000000000000e+03 1.794000000000000057e+02 0.000000000000000000e+00 -7.577000000000000000e+03
0.000000000000000000e+00 1.206589999999999920e-02 7.496669999999999723e-01 4.994000000000000106e-01 7.497000000000000330e-01 1.201000000000000021e-06 -2.718000000000000000e+03 4.308000000000000000e+03 1.721999999999999886e+02 0.000000000000000000e+00 -7.198000000000000000e+03
0.000000000000000000e+00 1.161590000000000018e-02 7.376270000000000326e-01 5.172999999999999821e-01 7.376000000000000334e-01 1.198000000000000007e-06 -2.452000000000000000e+03 4.202000000000000000e+03 1.645999999999999943e+02 0.000000000000000000e+00 -6.818000000000000000e+03
0.000000000000000000e+00 1.116589999999999944e-02 7.246050000000000546e-01 5.362999999999999989e-01 7.246000000000000218e-01 1.363999999999999985e-06 -2.190000000000000000e+03 4.092000000000000000e+03 1.570000000000000000e+02 0.000000000000000000e+00 -6.439000000000000000e+03
0.000000000000000000e+00 1.071590000000000042e-02 7.103439999999999754e-01 5.571000000000000396e-01 7.103000000000000425e-01 1.430000000000000073e-06 -1.933000000000000000e+03 3.975000000000000000e+03 1.490000000000000000e+02 0.000000000000000000e+00 -6.057000000000000000e+03
0.000000000000000000e+00 1.026589999999999968e-02 6.947429999999999994e-01 5.796999999999999931e-01 6.946999999999999842e-01 1.447999999999999943e-06 -1.681000000000000000e+03 3.854000000000000000e+03 1.405000000000000000e+02 0.000000000000000000e+00 -5.676000000000000000e+03
0.000000000000000000e+00 9.815900000000000666e-03 6.776609999999999578e-01 6.040999999999999703e-01 6.776999999999999691e-01 1.511000000000000017e-06 -1.436000000000000000e+03 3.726000000000000000e+03 1.315999999999999943e+02 0.000000000000000000e+00 -5.293000000000000000e+03
0.000000000000000000e+00 9.365899999999999920e-03 6.587610000000000410e-01 6.309000000000000163e-01 6.588000000000000522e-01 1.563999999999999976e-06 -1.196000000000000000e+03 3.591000000000000000e+03 1.222000000000000028e+02 0.000000000000000000e+00 -4.910000000000000000e+03
0.000000000000000000e+00 8.915899999999999173e-03 6.378460000000000241e-01 6.601000000000000201e-01 6.378000000000000336e-01 1.621000000000000023e-06 -9.642000000000000455e+02 3.449000000000000000e+03 1.120000000000000000e+02 0.000000000000000000e+00 -4.526000000000000000e+03
0.000000000000000000e+00 8.465900000000000161e-03 6.144530000000000269e-01 6.916999999999999815e-01 6.145000000000000462e-01 1.630999999999999927e-06 -7.400000000000000000e+02 3.298000000000000000e+03 1.010999999999999943e+02 0.000000000000000000e+00 -4.140000000000000000e+03
0.000000000000000000e+00 8.015899999999999415e-03 5.886489999999999778e-01 7.249999999999999778e-01 5.886000000000000121e-01 1.599000000000000064e-06 -5.245000000000000000e+02 3.140000000000000000e+03 9.004999999999999716e+01 0.000000000000000000e+00 -3.755000000000000000e+03
0.000000000000000000e+00 7.565900000000000403e-03 5.603080000000000283e-01 7.588000000000000300e-01 5.603000000000000203e-01 1.582000000000000058e-06 -3.186999999999999886e+02 2.976000000000000000e+03 7.914000000000000057e+01 0.000000000000000000e+00 -3.373000000000000000e+03
0.000000000000000000e+00 7.115899999999999656e-03 5.300209999999999644e-01 7.913000000000000034e-01 5.300000000000000266e-01 1.537999999999999928e-06 -1.235000000000000000e+02 2.809000000000000000e+03 6.915000000000000568e+01 0.000000000000000000e+00 -3.001000000000000000e+03
0.000000000000000000e+00 6.665899999999999777e-03 4.984790000000000054e-01 8.208999999999999631e-01 4.984999999999999987e-01 1.498000000000000100e-06 6.068999999999999773e+01 2.644000000000000000e+03 6.059000000000000341e+01 0.000000000000000000e+00 -2.644000000000000000e+03
0.000000000000000000e+00 6.215899999999999898e-03 4.662169999999999925e-01 8.476000000000000201e-01 4.662000000000000033e-01 1.475999999999999929e-06 2.334000000000000057e+02 2.486000000000000000e+03 5.324000000000000199e+01 0.000000000000000000e+00 -2.306000000000000000e+03
0.000000000000000000e+00 5.765900000000000018e-03 4.334509999999999752e-01 8.711999999999999744e-01 4.334999999999999964e-01 1.424999999999999909e-06 3.945000000000000000e+02 2.336000000000000000e+03 4.696999999999999886e+01 0.000000000000000000e+00 -1.989000000000000000e+03
4.000000000000000000e+00 5.315900000000000139e-03 4.003349999999999964e-01 8.922999999999999821e-01 4.002999999999999892e-01 1.360999999999999971e-06 5.437999999999999545e+02 2.196000000000000000e+03 4.153999999999999915e+01 0.000000000000000000e+00 -1.694000000000000000e+03
0.000000000000000000e+00 4.865900000000000260e-03 3.669919999999999849e-01 9.110000000000000320e-01 3.669999999999999929e-01 1.339000000000000012e-06 6.812000000000000455e+02 2.065000000000000000e+03 3.682999999999999829e+01 0.000000000000000000e+00 -1.421000000000000000e+03
0.000000000000000000e+00 4.415900000000000380e-03 3.334790000000000254e-01 9.274999999999999911e-01 3.335000000000000187e-01 1.292000000000000081e-06 8.066000000000000227e+02 1.946000000000000000e+03 3.274000000000000199e+01 0.000000000000000000e+00 -1.172000000000000000e+03
0.000000000000000000e+00 3.965899999999999634e-03 2.998290000000000122e-01 9.421000000000000485e-01 2.998000000000000109e-01 1.230999999999999945e-06 9.200000000000000000e+02 1.837000000000000000e+03 2.917000000000000171e+01 0.000000000000000000e+00 -9.462000000000000455e+02
0.000000000000000000e+00 3.515900000000000188e-03 2.660420000000000007e-01 9.547999999999999821e-01 2.660000000000000142e-01 1.190999999999999905e-06 1.021000000000000000e+03 1.740000000000000000e+03 2.608999999999999986e+01 0.000000000000000000e+00 -7.442999999999999545e+02
0.000000000000000000e+00 3.065899999999999875e-03 2.321249999999999980e-01 9.658999999999999808e-01 2.321000000000000008e-01 1.157000000000000103e-06 1.110000000000000000e+03 1.653000000000000000e+03 2.342999999999999972e+01 0.000000000000000000e+00 -5.662999999999999545e+02
0.000000000000000000e+00 2.615899999999999996e-03 1.982069999999999943e-01 9.751999999999999558e-01 1.981999999999999873e-01 1.126000000000000104e-06 1.188000000000000000e+03 1.579000000000000000e+03 2.119999999999999929e+01 0.000000000000000000e+00 -4.126000000000000227e+02
0.000000000000000000e+00 2.165900000000000117e-03 1.641789999999999916e-01 9.829999999999999849e-01 1.642000000000000126e-01 1.080999999999999899e-06 1.252000000000000000e+03 1.516000000000000000e+03 1.933999999999999986e+01 0.000000000000000000e+00 -2.830000000000000000e+02
0.000000000000000000e+00 1.715900000000000021e-03 1.301269999999999927e-01 9.892999999999999572e-01 1.300999999999999934e-01 1.053999999999999988e-06 1.305000000000000000e+03 1.465000000000000000e+03 1.785999999999999943e+01 0.000000000000000000e+00 -1.776999999999999886e+02
0.000000000000000000e+00 1.265899999999999925e-03 9.602990000000000137e-02 9.939999999999999947e-01 9.603000000000000425e-02 1.004000000000000044e-06 1.346000000000000000e+03 1.426000000000000000e+03 1.673000000000000043e+01 0.000000000000000000e+00 -9.673999999999999488e+01
0.000000000000000000e+00 8.159000000000000453e-04 6.194899999999999712e-02 9.972999999999999643e-01 6.194999999999999812e-02 9.638999999999999955e-07 1.374000000000000000e+03 1.398000000000000000e+03 1.594999999999999929e+01 0.000000000000000000e+00 -4.021999999999999886e+01
0.000000000000000000e+00 3.659000000000000035e-04 2.777970000000000092e-02 9.991999999999999771e-01 2.777999999999999914e-02 9.322999999999999507e-07 1.390000000000000000e+03 1.383000000000000000e+03 1.550999999999999979e+01 0.000000000000000000e+00 -8.089000000000000412e+00
0.000000000000000000e+00 -8.409999999999999778e-05 -6.415879999999999674e-03 9.997000000000000330e-01 -6.415999999999999828e-03 8.803999999999999691e-07 1.394000000000000000e+03 1.379000000000000000e+03 1.540000000000000036e+01 0.000000000000000000e+00 -4.294000000000000039e-01
0.000000000000000000e+00 -5.341000000000000261e-04 -4.050720000000000015e-02 9.987000000000000322e-01 -4.050999999999999740e-02 8.476999999999999476e-07 1.385000000000000000e+03 1.387000000000000000e+03 1.563000000000000078e+01 0.000000000000000000e+00 -1.721999999999999886e+01
0.000000000000000000e+00 -9.840999999999999054e-04 -7.465230000000000476e-02 9.962999999999999634e-01 -7.464999999999999414e-02 8.116999999999999958e-07 1.365000000000000000e+03 1.407000000000000000e+03 1.619999999999999929e+01 0.000000000000000000e+00 -5.846000000000000085e+01
5.000000000000000000e+00 -1.434100000000000001e-03 -1.087800000000000017e-01 9.923999999999999488e-01 -1.087999999999999939e-01 7.691999999999999792e-07 1.332000000000000000e+03 1.439000000000000000e+03 1.710999999999999943e+01 0.000000000000000000e+00 -1.240999999999999943e+02
0.000000000000000000e+00 -1.884100000000000098e-03 -1.428580000000000128e-01 9.870999999999999774e-01 -1.428999999999999992e-01 7.338999999999999741e-07 1.287000000000000000e+03 1.483000000000000000e+03 1.837000000000000099e+01 0.000000000000000000e+00 -2.141999999999999886e+02
0.000000000000000000e+00 -2.334099999999999977e-03 -1.768859999999999877e-01 9.802999999999999492e-01 -1.769000000000000017e-01 6.977000000000000073e-07 1.230000000000000000e+03 1.538000000000000000e+03 1.998999999999999844e+01 0.000000000000000000e+00 -3.286000000000000227e+02
0.000000000000000000e+00 -2.784099999999999856e-03 -2.108710000000000029e-01 9.718999999999999861e-01 -2.109000000000000041e-01 6.576999999999999667e-07 1.160000000000000000e+03 1.605000000000000000e+03 2.198000000000000043e+01 0.000000000000000000e+00 -4.671999999999999886e+02
0.000000000000000000e+00 -3.234100000000000169e-03 -2.447830000000000006e-01 9.619999999999999662e-01 -2.447999999999999898e-01 6.113999999999999823e-07 1.079000000000000000e+03 1.684000000000000000e+03 2.437000000000000099e+01 0.000000000000000000e+00 -6.300000000000000000e+02
0.000000000000000000e+00 -3.684100000000000048e-03 -2.785759999999999903e-01 9.503000000000000336e-01 -2.786000000000000143e-01 5.730999999999999636e-07 9.848999999999999773e+02 1.774000000000000000e+03 2.717000000000000171e+01 0.000000000000000000e+00 -8.167000000000000455e+02
0.000000000000000000e+00 -4.134099999999999928e-03 -3.123770000000000158e-01 9.368999999999999551e-01 -3.124000000000000110e-01 5.110999999999999643e-07 8.791000000000000227e+02 1.876000000000000000e+03 3.044000000000000128e+01 0.000000000000000000e+00 -1.028000000000000000e+03
0.000000000000000000e+00 -4.584099999999999807e-03 -3.459479999999999777e-01 9.215999999999999748e-01 -3.458999999999999853e-01 4.669999999999999863e-07 7.612000000000000455e+02 1.989000000000000000e+03 3.417999999999999972e+01 0.000000000000000000e+00 -1.262000000000000000e+03
0.000000000000000000e+00 -5.034099999999999686e-03 -3.793400000000000105e-01 9.043999999999999817e-01 -3.793000000000000260e-01 4.034000000000000256e-07 6.312999999999999545e+02 2.112000000000000000e+03 3.847999999999999687e+01 0.000000000000000000e+00 -1.520000000000000000e+03
0.000000000000000000e+00 -5.484100000000000433e-03 -4.126139999999999808e-01 8.849000000000000199e-01 -4.126000000000000223e-01 3.566000000000000036e-07 4.895000000000000000e+02 2.247000000000000000e+03 4.342000000000000171e+01 0.000000000000000000e+00 -1.801000000000000000e+03
0.000000000000000000e+00 -5.934100000000000312e-03 -4.455930000000000168e-01 8.629000000000000004e-01 -4.455999999999999961e-01 3.518000000000000135e-07 3.358000000000000114e+02 2.391000000000000000e+03 4.911999999999999744e+01 0.000000000000000000e+00 -2.104000000000000000e+03
0.000000000000000000e+00 -6.384100000000000191e-03 -4.781739999999999879e-01 8.383000000000000451e-01 -4.782000000000000139e-01 1.485999999999999939e-07 1.704000000000000057e+02 2.544000000000000000e+03 5.570000000000000284e+01 0.000000000000000000e+00 -2.429000000000000000e+03
0.000000000000000000e+00 -6.834100000000000071e-03 -5.102250000000000396e-01 8.105999999999999872e-01 -5.101999999999999869e-01 2.323000000000000089e-07 -6.583999999999999631e+00 2.705000000000000000e+03 6.342999999999999972e+01 0.000000000000000000e+00 -2.775000000000000000e+03
0.000000000000000000e+00 -7.284099999999999950e-03 -5.413639999999999564e-01 7.800000000000000266e-01 -5.413999999999999924e-01 8.689000000000000580e-08 -1.949000000000000057e+02 2.871000000000000000e+03 7.245999999999999375e+01 0.000000000000000000e+00 -3.138000000000000000e+03
0.000000000000000000e+00 -7.734099999999999829e-03 -5.711060000000000025e-01 7.467000000000000304e-01 -5.711000000000000520e-01 1.095000000000000044e-08 -3.941999999999999886e+02 3.038000000000000000e+03 8.287000000000000455e+01 0.000000000000000000e+00 -3.515000000000000000e+03
0.000000000000000000e+00 -8.184099999999999708e-03 -5.984230000000000382e-01 7.129999999999999671e-01 -5.984000000000000430e-01 -6.772000000000000024e-08 -6.037000000000000455e+02 3.200000000000000000e+03 9.392000000000000171e+01 0.000000000000000000e+00 -3.897000000000000000e+03
6.000000000000000000e+00 -8.634100000000000455e-03 -6.234030000000000404e-01 6.798999999999999488e-01 -6.233999999999999542e-01 -1.298000000000000109e-07 -8.226000000000000227e+02 3.356000000000000000e+03 1.050999999999999943e+02 0.000000000000000000e+00 -4.283000000000000000e+03
0.000000000000000000e+00 -9.084099999999999467e-03 -6.457249999999999934e-01 6.495999999999999552e-01 -6.457000000000000517e-01 -1.556999999999999979e-07 -1.050000000000000000e+03 3.502000000000000000e+03 1.155999999999999943e+02 0.000000000000000000e+00 -4.668000000000000000e+03
0.000000000000000000e+00 -9.534100000000000213e-03 -6.660110000000000197e-01 6.210999999999999854e-01 -6.660000000000000364e-01 -1.854000000000000058e-07 -1.285000000000000000e+03 3.643000000000000000e+03 1.255999999999999943e+02 0.000000000000000000e+00 -5.053000000000000000e+03
0.000000000000000000e+00 -9.984099999999999225e-03 -6.842899999999999539e-01 5.949999999999999734e-01 -6.843000000000000194e-01 -1.724000000000000085e-07 -1.527000000000000000e+03 3.775000000000000000e+03 1.349000000000000057e+02 0.000000000000000000e+00 -5.437000000000000000e+03
0.000000000000000000e+00 -1.043409999999999997e-02 -7.006320000000000325e-01 5.715999999999999970e-01 -7.006000000000000005e-01 -2.069000000000000064e-07 -1.775000000000000000e+03 3.899000000000000000e+03 1.435000000000000000e+02 0.000000000000000000e+00 -5.817000000000000000e+03
0.000000000000000000e+00 -1.088410000000000072e-02 -7.157259999999999733e-01 5.495999999999999774e-01 -7.157000000000000028e-01 -2.249999999999999898e-07 -2.028000000000000000e+03 4.019000000000000000e+03 1.518000000000000114e+02 0.000000000000000000e+00 -6.199000000000000000e+03
0.000000000000000000e+00 -1.133409999999999973e-02 -7.295110000000000205e-01 5.294999999999999707e-01 -7.295000000000000373e-01 -2.161000000000000094e-07 -2.287000000000000000e+03 4.133000000000000000e+03 1.596999999999999886e+02 0.000000000000000000e+00 -6.580000000000000000e+03
0.000000000000000000e+00 -1.178410000000000048e-02 -7.421670000000000211e-01 5.108000000000000318e-01 -7.421999999999999709e-01 -1.818000000000000000e-07 -2.551000000000000000e+03 4.242000000000000000e+03 1.673000000000000114e+02 0.000000000000000000e+00 -6.960000000000000000e+03
0.000000000000000000e+00 -1.223409999999999949e-02 -7.538249999999999673e-01 4.934000000000000052e-01 -7.538000000000000256e-01 -2.090000000000000054e-07 -2.819000000000000000e+03 4.346000000000000000e+03 1.746999999999999886e+02 0.000000000000000000e+00 -7.339000000000000000e+03
0.000000000000000000e+00 -1.268410000000000024e-02 -7.645950000000000246e-01 4.772000000000000131e-01 -7.645999999999999464e-01 -1.727000000000000046e-07 -3.091000000000000000e+03 4.445000000000000000e+03 1.819000000000000057e+02 0.000000000000000000e+00 -7.718000000000000000e+03
0.000000000000000000e+00 -1.313409999999999925e-02 -7.745880000000000543e-01 4.621000000000000107e-01 -7.745999999999999552e-01 -1.664999999999999888e-07 -3.366000000000000000e+03 4.541000000000000000e+03 1.889000000000000057e+02 0.000000000000000000e+00 -8.096000000000000000e+03
0.000000000000000000e+00 -1.358409999999999999e-02 -7.838629999999999765e-01 4.479000000000000203e-01 -7.839000000000000412e-01 -1.404000000000000131e-07 -3.645000000000000000e+03 4.632000000000000000e+03 1.958000000000000114e+02 0.000000000000000000e+00 -8.473000000000000000e+03
0.000000000000000000e+00 -1.403410000000000074e-02 -7.924970000000000070e-01 4.346999999999999753e-01 -7.924999999999999822e-01 -1.108999999999999938e-07 -3.928000000000000000e+03 4.721000000000000000e+03 2.025000000000000000e+02 0.000000000000000000e+00 -8.851000000000000000e+03
0.000000000000000000e+00 -1.448409999999999975e-02 -8.005069999999999686e-01 4.222000000000000197e-01 -8.004999999999999893e-01 -9.018000000000000416e-08 -4.213000000000000000e+03 4.805000000000000000e+03 2.090999999999999943e+02 0.000000000000000000e+00 -9.227000000000000000e+03
0.000000000000000000e+00 -1.493410000000000050e-02 -8.080429999999999557e-01 4.103999999999999870e-01 -8.080000000000000515e-01 -1.245999999999999908e-07 -4.501000000000000000e+03 4.887000000000000000e+03 2.155000000000000000e+02 0.000000000000000000e+00 -9.603000000000000000e+03
0.000000000000000000e+00 -1.538409999999999951e-02 -8.151070000000000260e-01 3.991999999999999993e-01 -8.151000000000000467e-01 -1.144000000000000053e-07 -4.792000000000000000e+03 4.965000000000000000e+03 2.218000000000000114e+02 0.000000000000000000e+00 -9.979000000000000000e+03
0.000000000000000000e+00 -1.583410000000000026e-02 -8.217160000000000020e-01 3.886999999999999900e-01 -8.216999999999999860e-01 -8.755999999999999790e-08 -5.085000000000000000e+03 5.041000000000000000e+03 2.280000000000000000e+02 0.000000000000000000e+00 -1.035000000000000000e+04
0.000000000000000000e+00 -1.628409999999999927e-02 -8.279450000000000420e-01 3.785999999999999921e-01 -8.278999999999999693e-01 -1.332000000000000016e-07 -5.380000000000000000e+03 5.115000000000000000e+03 2.341999999999999886e+02 0.000000000000000000e+00 -1.073000000000000000e+04
0.000000000000000000e+00 -1.673409999999999828e-02 -8.338219999999999521e-01 3.690999999999999837e-01 -8.337999999999999856e-01 -1.495000000000000086e-07 -5.678000000000000000e+03 5.186000000000000000e+03 2.400999999999999943e+02 0.000000000000000000e+00 -1.110000000000000000e+04
0.000000000000000000e+00 -1.718410000000000076e-02 -8.392709999999999892e-01 3.602000000000000202e-01 -8.393000000000000460e-01 -8.908999999999999903e-08 -5.977000000000000000e+03 5.254000000000000000e+03 2.458000000000000114e+02 0.000000000000000000e+00 -1.148000000000000000e+04
0.000000000000000000e+00 -1.763409999999999977e-02 -8.445049999999999502e-01 3.516000000000000236e-01 -8.445000000000000284e-01 -7.154000000000000400e-08 -6.279000000000000000e+03 5.321000000000000000e+03 2.515999999999999943e+02 0.000000000000000000e+00 -1.185000000000000000e+04
0.000000000000000000e+00 -1.808409999999999879e-02 -8.493939999999999824e-01 3.435000000000000275e-01 -8.494000000000000439e-01 -6.138999999999999583e-08 -6.582000000000000000e+03 5.384000000000000000e+03 2.571999999999999886e+02 0.000000000000000000e+00 -1.222000000000000000e+04
0.000000000000000000e+00 -1.853410000000000127e-02 -8.540820000000000078e-01 3.356999999999999984e-01 -8.540999999999999703e-01 -2.167999999999999958e-08 -6.887000000000000000e+03 5.447000000000000000e+03 2.626000000000000227e+02 0.000000000000000000e+00 -1.260000000000000000e+04
0.000000000000000000e+00 -1.898410000000000028e-02 -8.585239999999999538e-01 3.281999999999999917e-01 -8.585000000000000409e-01 -5.815999999999999934e-08 -7.194000000000000000e+03 5.508000000000000000e+03 2.681000000000000227e+02 0.000000000000000000e+00 -1.297000000000000000e+04
0.000000000000000000e+00 -1.943409999999999929e-02 -8.627190000000000136e-01 3.210999999999999965e-01 -8.627000000000000224e-01 -3.979999999999999905e-08 -7.502000000000000000e+03 5.567000000000000000e+03 2.733000000000000114e+02 0.000000000000000000e+00 -1.334000000000000000e+04
0.000000000000000000e+00 -1.988409999999999830e-02 -8.666669999999999652e-01 3.144000000000000128e-01 -8.667000000000000259e-01 -2.693999999999999837e-08 -7.812000000000000000e+03 5.624000000000000000e+03 2.783999999999999773e+02 0.000000000000000000e+00 -1.371000000000000000e+04
0.000000000000000000e+00 -2.033410000000000079e-02 -8.705100000000000060e-01 3.078000000000000180e-01 -8.705000000000000515e-01 4.459999999999999901e-09 -8.123000000000000000e+03 5.680000000000000000e+03 2.835000000000000000e+02 0.000000000000000000e+00 -1.409000000000000000e+04
0.000000000000000000e+00 -2.078409999999999980e-02 -8.740999999999999881e-01 3.015999999999999792e-01 -8.740999999999999881e-01 5.299999999999999813e-08 -8.435000000000000000e+03 5.734000000000000000e+03 2.883000000000000114e+02 0.000000000000000000e+00 -1.446000000000000000e+04
0.000000000000000000e+00 -2.123409999999999881e-02 -8.775629999999999820e-01 2.957000000000000184e-01 -8.776000000000000467e-01 3.645000000000000147e-07 -8.749000000000000000e+03 5.787000000000000000e+03 2.931000000000000227e+02 0.000000000000000000e+00 -1.483000000000000000e+04
0.000000000000000000e+00 -2.168410000000000129e-02 -8.808679999999999843e-01 2.898999999999999910e-01 -8.809000000000000163e-01 -1.050000000000000005e-07 -9.063000000000000000e+03 5.839000000000000000e+03 2.978000000000000114e+02 0.000000000000000000e+00 -1.520000000000000000e+04
0.000000000000000000e+00 -2.213410000000000030e-02 -8.840700000000000225e-01 2.842000000000000082e-01 -8.840999999999999970e-01 1.007000000000000017e-08 -9.379000000000000000e+03 5.890000000000000000e+03 3.025000000000000000e+02 0.000000000000000000e+00 -1.557000000000000000e+04
0.000000000000000000e+00 -2.258409999999999931e-02 -8.870700000000000252e-01 2.790000000000000258e-01 -8.870999999999999996e-01 8.299000000000000396e-08 -9.697000000000000000e+03 5.939000000000000000e+03 3.068999999999999773e+02 0.000000000000000000e+00 -1.594000000000000000e+04
0.000000000000000000e+00 -2.303409999999999833e-02 -8.899759999999999893e-01 2.737999999999999878e-01 -8.900000000000000133e-01 1.029999999999999959e-07 -1.001000000000000000e+04 5.987000000000000000e+03 3.113999999999999773e+02 0.000000000000000000e+00 -1.631000000000000000e+04
0.000000000000000000e+00 -2.348410000000000081e-02 -8.927439999999999820e-01 2.688999999999999724e-01 -8.927000000000000490e-01 1.277000000000000119e-07 -1.033000000000000000e+04 6.034000000000000000e+03 3.155000000000000000e+02 0.000000000000000000e+00 -1.668000000000000000e+04
0.000000000000000000e+00 -2.393409999999999982e-02 -8.953670000000000240e-01 2.641999999999999904e-01 -8.953999999999999737e-01 2.118000000000000040e-07 -1.065000000000000000e+04 6.080000000000000000e+03 3.196000000000000227e+02 0.000000000000000000e+00 -1.705000000000000000e+04
0.000000000000000000e+00 -2.438409999999999883e-02 -8.979449999999999932e-01 2.595999999999999974e-01 -8.979000000000000314e-01 3.415999999999999884e-07 -1.098000000000000000e+04 6.125000000000000000e+03 3.236999999999999886e+02 0.000000000000000000e+00 -1.742000000000000000e+04
0.000000000000000000e+00 -2.483410000000000131e-02 -9.004299999999999526e-01 2.550999999999999934e-01 -9.003999999999999782e-01 1.850000000000000022e-07 -1.130000000000000000e+04 6.170000000000000000e+03 3.276999999999999886e+02 0.000000000000000000e+00 -1.779000000000000000e+04
0.000000000000000000e+00 -2.528410000000000032e-02 -9.027500000000000524e-01 2.509000000000000119e-01 -9.026999999999999469e-01 2.316000000000000092e-07 -1.162000000000000000e+04 6.212000000000000000e+03 3.313999999999999773e+02 0.000000000000000000e+00 -1.816000000000000000e+04
0.000000000000000000e+00 -2.573409999999999934e-02 -9.050449999999999884e-01 2.467000000000000026e-01 -9.050000000000000266e-01 2.323999999999999899e-07 -1.194000000000000000e+04 6.255000000000000000e+03 3.350000000000000000e+02 0.000000000000000000e+00 -1.853000000000000000e+04
0.000000000000000000e+00 -2.618409999999999835e-02 -9.072149999999999936e-01 2.426999999999999991e-01 -9.072000000000000064e-01 2.724999999999999850e-07 -1.227000000000000000e+04 6.296000000000000000e+03 3.386999999999999886e+02 0.000000000000000000e+00 -1.890000000000000000e+04
0.000000000000000000e+00 -2.663410000000000083e-02 -9.093759999999999621e-01 2.388000000000000123e-01 -9.093999999999999861e-01 2.414999999999999854e-07 -1.259000000000000000e+04 6.338000000000000000e+03 3.423000000000000114e+02 0.000000000000000000e+00 -1.927000000000000000e+04
0.000000000000000000e+00 -2.708409999999999984e-02 -9.114240000000000119e-01 2.349999999999999867e-01 -9.113999999999999879e-01 2.605999999999999910e-07 -1.292000000000000000e+04 6.379000000000000000e+03 3.456999999999999886e+02 0.000000000000000000e+00 -1.964000000000000000e+04
0.000000000000000000e+00 -2.753409999999999885e-02 -9.133949999999999569e-01 2.313999999999999946e-01 -9.133999999999999897e-01 1.738000000000000078e-07 -1.325000000000000000e+04 6.418000000000000000e+03 3.490000000000000000e+02 0.000000000000000000e+00 -2.001000000000000000e+04
0.000000000000000000e+00 -2.798410000000000133e-02 -9.153200000000000225e-01 2.278000000000000025e-01 -9.153000000000000025e-01 3.115000000000000034e-07 -1.357000000000000000e+04 6.457000000000000000e+03 3.521999999999999886e+02 0.000000000000000000e+00 -2.038000000000000000e+04
0.000000000000000000e+00 -2.843410000000000035e-02 -9.171869999999999745e-01 2.242999999999999994e-01 -9.172000000000000153e-01 1.837999999999999915e-07 -1.390000000000000000e+04 6.496000000000000000e+03 3.555000000000000000e+02 0.000000000000000000e+00 -2.075000000000000000e+04
0.000000000000000000e+00 -2.888409999999999936e-02 -9.189380000000000326e-01 2.210000000000000020e-01 -9.189000000000000501e-01 -6.470000000000000099e-07 -1.423000000000000000e+04 6.533000000000000000e+03 3.583000000000000114e+02 0.000000000000000000e+00 -2.112000000000000000e+04
0.000000000000000000e+00 -2.933409999999999837e-02 -9.207089999999999996e-01 2.177000000000000046e-01 -9.206999999999999629e-01 -6.120000000000000274e-07 -1.456000000000000000e+04 6.571000000000000000e+03 3.613999999999999773e+02 0.000000000000000000e+00 -2.149000000000000000e+04
0.000000000000000000e+00 -2.978410000000000085e-02 -9.223970000000000224e-01 2.144999999999999962e-01 -9.223999999999999977e-01 -5.882999999999999806e-08 -1.489000000000000000e+04 6.608000000000000000e+03 3.641999999999999886e+02 0.000000000000000000e+00 -2.186000000000000000e+04
0.000000000000000000e+00 -3.023409999999999986e-02 -9.240190000000000348e-01 2.114999999999999936e-01 -9.240000000000000435e-01 1.270999999999999986e-06 -1.522000000000000000e+04 6.644000000000000000e+03 3.668999999999999773e+02 0.000000000000000000e+00 -2.223000000000000000e+04
0.000000000000000000e+00 -3.068409999999999888e-02 -9.255919999999999703e-01 2.084999999999999909e-01 -9.255999999999999783e-01 1.741000000000000039e-07 -1.555000000000000000e+04 6.679000000000000000e+03 3.696000000000000227e+02 0.000000000000000000e+00 -2.260000000000000000e+04
7.000000000000000000e+00 -3.113410000000000136e-02 -9.271220000000000017e-01 2.056000000000000050e-01 -9.271000000000000352e-01 6.014999999999999797e-07 -1.588000000000000000e+04 6.714000000000000000e+03 3.720000000000000000e+02 0.000000000000000000e+00 -2.297000000000000000e+04
8.000000000000000000e+00 -3.141589999999999661e-02 -9.279950000000000143e-01 2.041000000000000036e-01 -9.280000000000000471e-01 1.179000000000000062e-05 -1.609000000000000000e+04 6.735000000000000000e+03 3.731999999999999886e+02 0.000000000000000000e+00 -2.320000000000000000e+04
0.000000000000000000e+00 -3.096590000000000106e-02 -9.266429999999999945e-01 2.063000000000000111e-01 -9.265999999999999792e-01 1.436999999999999964e-05 -1.576000000000000000e+04 6.703000000000000000e+03 3.718999999999999773e+02 0.000000000000000000e+00 -2.283000000000000000e+04
0.000000000000000000e+00 -3.051589999999999858e-02 -9.252270000000000216e-01 2.089999999999999913e-01 -9.252000000000000224e-01 -1.743999999999999904e-05 -1.543000000000000000e+04 6.670000000000000000e+03 3.696999999999999886e+02 0.000000000000000000e+00 -2.247000000000000000e+04
0.000000000000000000e+00 -3.006589999999999957e-02 -9.233550000000000368e-01 2.127000000000000002e-01 -9.233999999999999986e-01 -8.212000000000000319e-06 -1.510000000000000000e+04 6.629000000000000000e+03 3.660000000000000000e+02 0.000000000000000000e+00 -2.209000000000000000e+04
0.000000000000000000e+00 -2.961590000000000056e-02 -9.219359999999999777e-01 2.152999999999999914e-01 -9.219000000000000528e-01 1.384999999999999953e-05 -1.477000000000000000e+04 6.597000000000000000e+03 3.636999999999999886e+02 0.000000000000000000e+00 -2.173000000000000000e+04
0.000000000000000000e+00 -2.916590000000000155e-02 -9.202639999999999709e-01 2.182999999999999940e-01 -9.203000000000000069e-01 7.598999999999999581e-06 -1.444000000000000000e+04 6.561000000000000000e+03 3.615000000000000000e+02 0.000000000000000000e+00 -2.136000000000000000e+04
0.000000000000000000e+00 -2.871589999999999906e-02 -9.182960000000000012e-01 2.222000000000000086e-01 -9.183000000000000052e-01 -3.892999999999999827e-06 -1.411000000000000000e+04 6.519000000000000000e+03 3.575000000000000000e+02 0.000000000000000000e+00 -2.098000000000000000e+04
0.000000000000000000e+00 -2.826590000000000005e-02 -9.166630000000000056e-01 2.252000000000000113e-01 -9.166999999999999593e-01 8.837000000000000264e-06 -1.378000000000000000e+04 6.484000000000000000e+03 3.551000000000000227e+02 0.000000000000000000e+00 -2.062000000000000000e+04
0.000000000000000000e+00 -2.781590000000000104e-02 -9.146490000000000453e-01 2.288999999999999924e-01 -9.145999999999999686e-01 -7.931999999999999611e-06 -1.345000000000000000e+04 6.443000000000000000e+03 3.518000000000000114e+02 0.000000000000000000e+00 -2.025000000000000000e+04
0.000000000000000000e+00 -2.736589999999999856e-02 -9.126859999999999973e-01 2.326000000000000012e-01 -9.126999999999999558e-01 1.060000000000000016e-06 -1.312000000000000000e+04 6.404000000000000000e+03 3.480000000000000000e+02 0.000000000000000000e+00 -1.988000000000000000e+04
0.000000000000000000e+00 -2.691589999999999955e-02 -9.108600000000000030e-01 2.358999999999999986e-01 -9.109000000000000430e-01 -4.193000000000000025e-07 -1.280000000000000000e+04 6.366000000000000000e+03 3.456000000000000227e+02 0.000000000000000000e+00 -1.951000000000000000e+04
0.000000000000000000e+00 -2.646590000000000054e-02 -9.087020000000000097e-01 2.398000000000000131e-01 -9.086999999999999522e-01 1.920999999999999904e-06 -1.247000000000000000e+04 6.324000000000000000e+03 3.421000000000000227e+02 0.000000000000000000e+00 -1.914000000000000000e+04
0.000000000000000000e+00 -2.601590000000000152e-02 -9.065050000000000052e-01 2.439999999999999947e-01 -9.064999999999999725e-01 9.077000000000000084e-07 -1.215000000000000000e+04 6.282000000000000000e+03 3.378999999999999773e+02 0.000000000000000000e+00 -1.877000000000000000e+04
0.000000000000000000e+00 -2.556589999999999904e-02 -9.044510000000000050e-01 2.474999999999999978e-01 -9.044999999999999707e-01 4.065000000000000044e-06 -1.182000000000000000e+04 6.243000000000000000e+03 3.351000000000000227e+02 0.000000000000000000e+00 -1.840000000000000000e+04
0.000000000000000000e+00 -2.511590000000000003e-02 -9.020860000000000545e-01 2.519000000000000128e-01 -9.021000000000000130e-01 -1.396999999999999923e-06 -1.150000000000000000e+04 6.200000000000000000e+03 3.308000000000000114e+02 0.000000000000000000e+00 -1.803000000000000000e+04
0.000000000000000000e+00 -2.466590000000000102e-02 -8.997290000000000010e-01 2.561999999999999833e-01 -8.997000000000000552e-01 2.397000000000000090e-07 -1.118000000000000000e+04 6.157000000000000000e+03 3.268999999999999773e+02 0.000000000000000000e+00 -1.766000000000000000e+04
0.000000000000000000e+00 -2.421589999999999854e-02 -8.970920000000000005e-01 2.610000000000000098e-01 -8.971000000000000085e-01 -6.239999999999999760e-07 -1.086000000000000000e+04 6.109000000000000000e+03 3.228000000000000114e+02 0.000000000000000000e+00 -1.729000000000000000e+04
0.000000000000000000e+00 -2.376589999999999953e-02 -8.944969999999999866e-01 2.656000000000000028e-01 -8.944999999999999618e-01 -5.547000000000000423e-06 -1.053000000000000000e+04 6.064000000000000000e+03 3.188000000000000114e+02 0.000000000000000000e+00 -1.692000000000000000e+04
0.000000000000000000e+00 -2.331590000000000051e-02 -8.918260000000000076e-01 2.703999999999999737e-01 -8.918000000000000371e-01 5.373999999999999708e-06 -1.021000000000000000e+04 6.018000000000000000e+03 3.146999999999999886e+02 0.000000000000000000e+00 -1.655000000000000000e+04
0.000000000000000000e+00 -2.286590000000000150e-02 -8.890569999999999862e-01 2.752000000000000002e-01 -8.891000000000000014e-01 8.675000000000000799e-06 -9.896000000000000000e+03 5.971000000000000000e+03 3.106999999999999886e+02 0.000000000000000000e+00 -1.618000000000000000e+04
0.000000000000000000e+00 -2.241589999999999902e-02 -8.860489999999999755e-01 2.806000000000000161e-01 -8.860000000000000098e-01 -5.098000000000000148e-06 -9.578000000000000000e+03 5.922000000000000000e+03 3.058000000000000114e+02 0.000000000000000000e+00 -1.581000000000000000e+04
0.000000000000000000e+00 -2.196590000000000001e-02 -8.829879999999999951e-01 2.859999999999999765e-01 -8.830000000000000071e-01 3.638000000000000151e-06 -9.261000000000000000e+03 5.872000000000000000e+03 3.015000000000000000e+02 0.000000000000000000e+00 -1.543000000000000000e+04
0.000000000000000000e+00 -2.151590000000000100e-02 -8.798489999999999922e-01 2.913999999999999924e-01 -8.798000000000000265e-01 -3.120000000000000198e-06 -8.946000000000000000e+03 5.822000000000000000e+03 2.971000000000000227e+02 0.000000000000000000e+00 -1.506000000000000000e+04
0.000000000000000000e+00 -2.106589999999999852e-02 -8.765209999999999946e-01 2.973000000000000087e-01 -8.764999999999999458e-01 1.970000000000000197e-06 -8.631000000000000000e+03 5.770000000000000000e+03 2.923000000000000114e+02 0.000000000000000000e+00 -1.469000000000000000e+04
0.000000000000000000e+00 -2.061589999999999950e-02 -8.730019999999999447e-01 3.034999999999999920e-01 -8.729999999999999982e-01 4.966000000000000396e-06 -8.318000000000000000e+03 5.717000000000000000e+03 2.870000000000000000e+02 0.000000000000000000e+00 -1.432000000000000000e+04
0.000000000000000000e+00 -2.016590000000000049e-02 -8.693250000000000144e-01 3.096999999999999753e-01 -8.692999999999999616e-01 5.029999999999999910e-07 -8.006000000000000000e+03 5.662000000000000000e+03 2.825000000000000000e+02 0.000000000000000000e+00 -1.395000000000000000e+04
0.000000000000000000e+00 -1.971590000000000148e-02 -8.654009999999999758e-01 3.164000000000000146e-01 -8.653999999999999471e-01 -7.166000000000000508e-07 -7.696000000000000000e+03 5.605000000000000000e+03 2.773000000000000114e+02 0.000000000000000000e+00 -1.358000000000000000e+04
0.000000000000000000e+00 -1.926589999999999900e-02 -8.612680000000000335e-01 3.232999999999999763e-01 -8.612999999999999545e-01 1.542000000000000017e-06 -7.386000000000000000e+03 5.546000000000000000e+03 2.721000000000000227e+02 0.000000000000000000e+00 -1.320000000000000000e+04
0.000000000000000000e+00 -1.881589999999999999e-02 -8.570959999999999690e-01 3.306000000000000050e-01 -8.570999999999999730e-01 1.326000000000000095e-06 -7.079000000000000000e+03 5.488000000000000000e+03 2.663999999999999773e+02 0.000000000000000000e+00 -1.283000000000000000e+04
0.000000000000000000e+00 -1.836590000000000097e-02 -8.525570000000000093e-01 3.380000000000000226e-01 -8.526000000000000245e-01 2.297000000000000200e-06 -6.773000000000000000e+03 5.426000000000000000e+03 2.613999999999999773e+02 0.000000000000000000e+00 -1.246000000000000000e+04
0.000000000000000000e+00 -1.791589999999999849e-02 -8.477749999999999453e-01 3.461000000000000187e-01 -8.477999999999999980e-01 4.168999999999999810e-08 -6.468000000000000000e+03 5.363000000000000000e+03 2.555000000000000000e+02 0.000000000000000000e+00 -1.209000000000000000e+04
0.000000000000000000e+00 -1.746589999999999948e-02 -8.428620000000000001e-01 3.542000000000000148e-01 -8.428999999999999826e-01 4.133999999999999828e-07 -6.166000000000000000e+03 5.299000000000000000e+03 2.500999999999999943e+02 0.000000000000000000e+00 -1.171000000000000000e+04
0.000000000000000000e+00 -1.701590000000000047e-02 -8.375730000000000119e-01 3.627000000000000224e-01 -8.376000000000000112e-01 1.117000000000000063e-06 -5.865000000000000000e+03 5.232000000000000000e+03 2.446999999999999886e+02 0.000000000000000000e+00 -1.134000000000000000e+04
0.000000000000000000e+00 -1.656590000000000146e-02 -8.318470000000000031e-01 3.721999999999999753e-01 -8.317999999999999838e-01 6.111999999999999673e-07 -5.566000000000000000e+03 5.162000000000000000e+03 2.383000000000000114e+02 0.000000000000000000e+00 -1.097000000000000000e+04
0.000000000000000000e+00 -1.611589999999999898e-02 -8.259269999999999667e-01 3.817999999999999727e-01 -8.258999999999999675e-01 3.046999999999999795e-06 -5.269000000000000000e+03 5.091000000000000000e+03 2.324000000000000057e+02 0.000000000000000000e+00 -1.059000000000000000e+04
0.000000000000000000e+00 -1.566589999999999996e-02 -8.197919999999999652e-01 3.912999999999999812e-01 -8.197999999999999732e-01 6.236000000000000518e-07 -4.975000000000000000e+03 5.018000000000000000e+03 2.270000000000000000e+02 0.000000000000000000e+00 -1.022000000000000000e+04
0.000000000000000000e+00 -1.521589999999999922e-02 -8.126759999999999540e-01 4.028999999999999804e-01 -8.126999999999999780e-01 4.359000000000000109e-06 -4.683000000000000000e+03 4.938000000000000000e+03 2.198000000000000114e+02 0.000000000000000000e+00 -9.840000000000000000e+03
0.000000000000000000e+00 -1.476590000000000021e-02 -8.054580000000000073e-01 4.143000000000000016e-01 -8.054999999999999938e-01 2.245000000000000105e-06 -4.393000000000000000e+03 4.858000000000000000e+03 2.135000000000000000e+02 0.000000000000000000e+00 -9.464000000000000000e+03
0.000000000000000000e+00 -1.431589999999999946e-02 -7.977570000000000494e-01 4.262000000000000233e-01 -7.977999999999999536e-01 -8.164000000000000101e-06 -4.106000000000000000e+03 4.775000000000000000e+03 2.070999999999999943e+02 0.000000000000000000e+00 -9.088000000000000000e+03
0.000000000000000000e+00 -1.386590000000000045e-02 -7.897260000000000391e-01 4.384000000000000119e-01 -7.896999999999999575e-01 -3.851999999999999711e-06 -3.822000000000000000e+03 4.691000000000000000e+03 2.009000000000000057e+02 0.000000000000000000e+00 -8.714000000000000000e+03
0.000000000000000000e+00 -1.341589999999999970e-02 -7.807359999999999856e-01 4.522999999999999798e-01 -7.806999999999999496e-01 5.387999999999999913e-06 -3.541000000000000000e+03 4.601000000000000000e+03 1.938000000000000114e+02 0.000000000000000000e+00 -8.335000000000000000e+03
0.000000000000000000e+00 -1.296590000000000069e-02 -7.712409999999999544e-01 4.667999999999999927e-01 -7.711999999999999966e-01 -4.918000000000000178e-06 -3.263000000000000000e+03 4.508000000000000000e+03 1.869000000000000057e+02 0.000000000000000000e+00 -7.958000000000000000e+03
0.000000000000000000e+00 -1.251589999999999994e-02 -7.608540000000000303e-01 4.823999999999999955e-01 -7.609000000000000208e-01 -3.075000000000000205e-06 -2.988000000000000000e+03 4.410000000000000000e+03 1.796999999999999886e+02 0.000000000000000000e+00 -7.578000000000000000e+03
0.000000000000000000e+00 -1.206589999999999920e-02 -7.495349999999999513e-01 4.993000000000000216e-01 -7.495000000000000551e-01 -1.094000000000000029e-06 -2.718000000000000000e+03 4.306000000000000000e+03 1.723000000000000114e+02 0.000000000000000000e+00 -7.197000000000000000e+03
0.000000000000000000e+00 -1.161590000000000018e-02 -7.380229999999999846e-01 5.161999999999999922e-01 -7.379999999999999893e-01 6.211999999999999774e-07 -2.452000000000000000e+03 4.205000000000000000e+03 1.653000000000000114e+02 0.000000000000000000e+00 -6.822000000000000000e+03
0.000000000000000000e+00 -1.116589999999999944e-02 -7.251039999999999708e-01 5.352000000000000091e-01 -7.250999999999999668e-01 8.926999999999999402e-06 -2.190000000000000000e+03 4.096000000000000000e+03 1.575000000000000000e+02 0.000000000000000000e+00 -6.443000000000000000e+03
0.000000000000000000e+00 -1.071590000000000042e-02 -7.103209999999999802e-01 5.566999999999999726e-01 -7.103000000000000425e-01 4.381999999999999719e-06 -1.933000000000000000e+03 3.975000000000000000e+03 1.493000000000000114e+02 0.000000000000000000e+00 -6.057000000000000000e+03
0.000000000000000000e+00 -1.026589999999999968e-02 -6.949570000000000469e-01 5.786000000000000032e-01 -6.949999999999999512e-01 -4.006999999999999921e-06 -1.681000000000000000e+03 3.855000000000000000e+03 1.410999999999999943e+02 0.000000000000000000e+00 -5.677000000000000000e+03
0.000000000000000000e+00 -9.815900000000000666e-03 -6.779690000000000438e-01 6.028000000000000025e-01 -6.780000000000000471e-01 5.080999999999999506e-07 -1.436000000000000000e+03 3.728000000000000000e+03 1.324000000000000057e+02 0.000000000000000000e+00 -5.296000000000000000e+03
0.000000000000000000e+00 -9.365899999999999920e-03 -6.591080000000000272e-01 6.300000000000000044e-01 -6.591000000000000192e-01 -2.291000000000000067e-07 -1.196000000000000000e+03 3.594000000000000000e+03 1.225000000000000000e+02 0.000000000000000000e+00 -4.912000000000000000e+03
0.000000000000000000e+00 -8.915899999999999173e-03 -6.381620000000000070e-01 6.589000000000000412e-01 -6.381999999999999895e-01 1.667999999999999954e-06 -9.640000000000000000e+02 3.451000000000000000e+03 1.125999999999999943e+02 0.000000000000000000e+00 -4.528000000000000000e+03
0.000000000000000000e+00 -8.465900000000000161e-03 -6.146660000000000457e-01 6.909999999999999476e-01 -6.147000000000000242e-01 7.453000000000000629e-08 -7.397000000000000455e+02 3.300000000000000000e+03 1.015000000000000000e+02 0.000000000000000000e+00 -4.141000000000000000e+03
0.000000000000000000e+00 -8.015899999999999415e-03 -5.895359999999999490e-01 7.227000000000000091e-01 -5.895000000000000240e-01 -7.114999999999999853e-07 -5.242000000000000455e+02 3.145000000000000000e+03 9.098999999999999488e+01 0.000000000000000000e+00 -3.761000000000000000e+03
0.000000000000000000e+00 -7.565900000000000403e-03 -5.601540000000000408e-01 7.587000000000000410e-01 -5.602000000000000313e-01 5.370000000000000043e-07 -3.185000000000000000e+02 2.975000000000000000e+03 7.920000000000000284e+01 0.000000000000000000e+00 -3.373000000000000000e+03
0.000000000000000000e+00 -7.115899999999999656e-03 -5.303369999999999473e-01 7.909000000000000474e-01 -5.302999999999999936e-01 -1.879000000000000083e-07 -1.232000000000000028e+02 2.811000000000000000e+03 6.926999999999999602e+01 0.000000000000000000e+00 -3.003000000000000000e+03
0.000000000000000000e+00 -6.665899999999999777e-03 -4.983259999999999912e-01 8.211000000000000520e-01 -4.983000000000000207e-01 1.985000000000000106e-07 6.092999999999999972e+01 2.644000000000000000e+03 6.053000000000000114e+01 0.000000000000000000e+00 -2.643000000000000000e+03
0.000000000000000000e+00 -6.215899999999999898e-03 -4.659699999999999953e-01 8.476000000000000201e-01 -4.660000000000000253e-01 4.674999999999999841e-08 2.335999999999999943e+02 2.485000000000000000e+03 5.320000000000000284e+01 0.000000000000000000e+00 -2.305000000000000000e+03
0.000000000000000000e+00 -5.765900000000000018e-03 -4.333480000000000110e-01 8.711999999999999744e-01 -4.333000000000000185e-01 2.596999999999999763e-07 3.946999999999999886e+02 2.336000000000000000e+03 4.695000000000000284e+01 0.000000000000000000e+00 -1.988000000000000000e+03
9.000000000000000000e+00 -5.315900000000000139e-03 -4.002829999999999999e-01 8.922999999999999821e-01 -4.002999999999999892e-01 5.780000000000000141e-07 5.438999999999999773e+02 2.196000000000000000e+03 4.154999999999999716e+01 0.000000000000000000e+00 -1.693000000000000000e+03
0.000000000000000000e+00 -4.865900000000000260e-03 -3.667850000000000277e-01 9.110000000000000320e-01 -3.668000000000000149e-01 4.828999999999999632e-07 6.812999999999999545e+02 2.065000000000000000e+03 3.682999999999999829e+01 0.000000000000000000e+00 -1.420000000000000000e+03
0.000000000000000000e+00 -4.415900000000000380e-03 -3.334150000000000169e-01 9.274999999999999911e-01 -3.333999999999999742e-01 6.377000000000000524e-07 8.067000000000000455e+02 1.946000000000000000e+03 3.275000000000000000e+01 0.000000000000000000e+00 -1.172000000000000000e+03
0.000000000000000000e+00 -3.965899999999999634e-03 -2.998009999999999842e-01 9.421000000000000485e-01 -2.998000000000000109e-01 5.799999999999999526e-07 9.200000000000000000e+02 1.837000000000000000e+03 2.917000000000000171e+01 0.000000000000000000e+00 -9.462000000000000455e+02
0.000000000000000000e+00 -3.515900000000000188e-03 -2.659929999999999795e-01 9.547999999999999821e-01 -2.660000000000000142e-01 6.720999999999999898e-07 1.021000000000000000e+03 1.739000000000000000e+03 2.607999999999999829e+01 0.000000000000000000e+00 -7.442000000000000455e+02
0.000000000000000000e+00 -3.065899999999999875e-03 -2.323550000000000060e-01 9.657000000000000028e-01 -2.323999999999999955e-01 4.025000000000000109e-07 1.111000000000000000e+03 1.654000000000000000e+03 2.346000000000000085e+01 0.000000000000000000e+00 -5.668999999999999773e+02
0.000000000000000000e+00 -2.615899999999999996e-03 -1.983119999999999883e-01 9.751999999999999558e-01 -1.983000000000000040e-01 7.110999999999999552e-07 1.188000000000000000e+03 1.579000000000000000e+03 2.121000000000000085e+01 0.000000000000000000e+00 -4.128000000000000114e+02
0.000000000000000000e+00 -2.165900000000000117e-03 -1.641130000000000089e-01 9.829999999999999849e-01 -1.640999999999999959e-01 6.316000000000000176e-07 1.252000000000000000e+03 1.516000000000000000e+03 1.933999999999999986e+01 0.000000000000000000e+00 -2.828999999999999773e+02
0.000000000000000000e+00 -1.715900000000000021e-03 -1.302599999999999869e-01 9.891999999999999682e-01 -1.302999999999999992e-01 3.585999999999999950e-07 1.305000000000000000e+03 1.465000000000000000e+03 1.787000000000000099e+01 0.000000000000000000e+00 -1.779000000000000057e+02
0.000000000000000000e+00 -1.265899999999999925e-03 -9.603129999999999999e-02 9.939999999999999947e-01 -9.603000000000000425e-02 7.421999999999999624e-07 1.346000000000000000e+03 1.426000000000000000e+03 1.673000000000000043e+01 0.000000000000000000e+00 -9.673999999999999488e+01
0.000000000000000000e+00 -8.159000000000000453e-04 -6.195520000000000194e-02 9.972999999999999643e-01 -6.196000000000000119e-02 8.370999999999999982e-07 1.374000000000000000e+03 1.398000000000000000e+03 1.594999999999999929e+01 0.000000000000000000e+00 -4.022999999999999687e+01
0.000000000000000000e+00 -3.659000000000000035e-04 -2.797670000000000018e-02 9.991999999999999771e-01 -2.798000000000000140e-02 8.645000000000000451e-07 1.390000000000000000e+03 1.383000000000000000e+03 1.550999999999999979e+01 0.000000000000000000e+00 -8.146000000000000796e+00
0.000000000000000000e+00 8.409999999999999778e-05 6.493930000000000188e-03 9.997000000000000330e-01 6.493999999999999773e-03 8.671000000000000286e-07 1.394000000000000000e+03 1.379000000000000000e+03 1.540000000000000036e+01 0.000000000000000000e+00 -4.345999999999999863e-01
0.000000000000000000e+00 5.341000000000000261e-04 4.045839999999999853e-02 9.987000000000000322e-01 4.046000000000000291e-02 9.152000000000000424e-07 1.385000000000000000e+03 1.387000000000000000e+03 1.563000000000000078e+01 0.000000000000000000e+00 -1.719999999999999929e+01
0.000000000000000000e+00 9.840999999999999054e-04 7.464650000000000452e-02 9.962999999999999634e-01 7.464999999999999414e-02 9.471000000000000038e-07 1.365000000000000000e+03 1.407000000000000000e+03 1.619999999999999929e+01 0.000000000000000000e+00 -5.846000000000000085e+01
1.000000000000000000e+01 1.434100000000000001e-03 1.086740000000000067e-01 9.925000000000000488e-01 1.087000000000000050e-01 1.005999999999999982e-06 1.332000000000000000e+03 1.439000000000000000e+03 1.710999999999999943e+01 0.000000000000000000e+00 -1.240000000000000000e+02
0.000000000000000000e+00 1.884100000000000098e-03 1.429970000000000130e-01 9.870999999999999774e-01 1.429999999999999882e-01 1.047999999999999961e-06 1.287000000000000000e+03 1.483000000000000000e+03 1.837000000000000099e+01 0.000000000000000000e+00 -2.144000000000000057e+02
0.000000000000000000e+00 2.334099999999999977e-03 1.765410000000000035e-01 9.804000000000000492e-01 1.764999999999999902e-01 1.050999999999999975e-06 1.230000000000000000e+03 1.538000000000000000e+03 1.996000000000000085e+01 0.000000000000000000e+00 -3.278999999999999773e+02
0.000000000000000000e+00 2.784099999999999856e-03 2.106780000000000042e-01 9.719999999999999751e-01 2.106999999999999984e-01 1.120999999999999940e-06 1.160000000000000000e+03 1.605000000000000000e+03 2.196000000000000085e+01 0.000000000000000000e+00 -4.668000000000000114e+02
0.000000000000000000e+00 3.234100000000000169e-03 2.448950000000000016e-01 9.618999999999999773e-01 2.449000000000000066e-01 1.177999999999999987e-06 1.079000000000000000e+03 1.684000000000000000e+03 2.437000000000000099e+01 0.000000000000000000e+00 -6.302999999999999545e+02
0.000000000000000000e+00 3.684100000000000048e-03 2.785190000000000166e-01 9.504000000000000226e-01 2.785000000000000253e-01 1.204999999999999898e-06 9.847999999999999545e+02 1.774000000000000000e+03 2.716000000000000014e+01 0.000000000000000000e+00 -8.165000000000000000e+02
0.000000000000000000e+00 4.134099999999999928e-03 3.121959999999999735e-01 9.370000000000000551e-01 3.121999999999999775e-01 1.252999999999999904e-06 8.790000000000000000e+02 1.876000000000000000e+03 3.039999999999999858e+01 0.000000000000000000e+00 -1.027000000000000000e+03
0.000000000000000000e+00 4.584099999999999807e-03 3.458640000000000048e-01 9.216999999999999638e-01 3.458999999999999853e-01 1.326999999999999958e-06 7.611000000000000227e+02 1.989000000000000000e+03 3.415999999999999659e+01 0.000000000000000000e+00 -1.262000000000000000e+03
0.000000000000000000e+00 5.034099999999999686e-03 3.793150000000000133e-01 9.044999999999999707e-01 3.793000000000000260e-01 1.332999999999999985e-06 6.312000000000000455e+02 2.112000000000000000e+03 3.846999999999999886e+01 0.000000000000000000e+00 -1.520000000000000000e+03
0.000000000000000000e+00 5.484100000000000433e-03 4.122919999999999918e-01 8.852999999999999758e-01 4.122999999999999998e-01 1.232000000000000020e-06 4.893999999999999773e+02 2.245000000000000000e+03 4.332999999999999829e+01 0.000000000000000000e+00 -1.799000000000000000e+03
0.000000000000000000e+00 5.934100000000000312e-03 4.458750000000000213e-01 8.627000000000000224e-01 4.459000000000000186e-01 1.743999999999999946e-06 3.356999999999999886e+02 2.392000000000000000e+03 4.917000000000000171e+01 0.000000000000000000e+00 -2.106000000000000000e+03
0.000000000000000000e+00 6.384100000000000191e-03 4.782040000000000179e-01 8.383000000000000451e-01 4.782000000000000139e-01 1.931999999999999883e-06 1.701999999999999886e+02 2.544000000000000000e+03 5.571999999999999886e+01 0.000000000000000000e+00 -2.429000000000000000e+03
0.000000000000000000e+00 6.834100000000000071e-03 5.103429999999999911e-01 8.104999999999999982e-01 5.102999999999999758e-01 1.472999999999999915e-06 -6.820000000000000284e+00 2.705000000000000000e+03 6.347999999999999687e+01 0.000000000000000000e+00 -2.775000000000000000e+03
0.000000000000000000e+00 7.284099999999999950e-03 5.409979999999999789e-01 7.806999999999999496e-01 5.410000000000000364e-01 1.585000000000000071e-06 -1.951999999999999886e+02 2.868000000000000000e+03 7.221999999999999886e+01 0.000000000000000000e+00 -3.136000000000000000e+03
0.000000000000000000e+00 7.734099999999999829e-03 5.706120000000000081e-01 7.478000000000000203e-01 5.705999999999999961e-01 1.633999999999999941e-06 -3.943999999999999773e+02 3.035000000000000000e+03 8.240000000000000568e+01 0.000000000000000000e+00 -3.512000000000000000e+03
0.000000000000000000e+00 8.184099999999999708e-03 5.983950000000000102e-01 7.137000000000000011e-01 5.984000000000000430e-01 1.494000000000000011e-06 -6.038999999999999773e+02 3.200000000000000000e+03 9.353000000000000114e+01 0.000000000000000000e+00 -3.897000000000000000e+03
1.100000000000000000e+01 8.634100000000000455e-03 6.233009999999999939e-01 6.808999999999999497e-01 6.232999999999999652e-01 1.611999999999999982e-06 -8.227999999999999545e+02 3.355000000000000000e+03 1.047000000000000028e+02 0.000000000000000000e+00 -4.283000000000000000e+03
0.000000000000000000e+00 9.084099999999999467e-03 6.454800000000000537e-01 6.508000000000000451e-01 6.454999999999999627e-01 1.546999999999999969e-06 -1.050000000000000000e+03 3.501000000000000000e+03 1.149000000000000057e+02 0.000000000000000000e+00 -4.666000000000000000e+03
0.000000000000000000e+00 9.534100000000000213e-03 6.654090000000000282e-01 6.230999999999999872e-01 6.653999999999999915e-01 1.458000000000000059e-06 -1.285000000000000000e+03 3.639000000000000000e+03 1.245999999999999943e+02 0.000000000000000000e+00 -5.048000000000000000e+03
0.000000000000000000e+00 9.984099999999999225e-03 6.844130000000000491e-01 5.953000000000000513e-01 6.844000000000000083e-01 1.571999999999999942e-06 -1.527000000000000000e+03 3.776000000000000000e+03 1.346999999999999886e+02 0.000000000000000000e+00 -5.438000000000000000e+03
0.000000000000000000e+00 1.043409999999999997e-02 7.007729999999999793e-01 5.718999999999999639e-01 7.007999999999999785e-01 1.275999999999999938e-06 -1.775000000000000000e+03 3.901000000000000000e+03 1.433000000000000114e+02 0.000000000000000000e+00 -5.819000000000000000e+03
0.000000000000000000e+00 1.088410000000000072e-02 7.153680000000000039e-01 5.505999999999999783e-01 7.154000000000000359e-01 1.111000000000000035e-06 -2.028000000000000000e+03 4.016000000000000000e+03 1.513000000000000114e+02 0.000000000000000000e+00 -6.196000000000000000e+03
0.000000000000000000e+00 1.133409999999999973e-02 7.293300000000000338e-01 5.302999999999999936e-01 7.292999999999999483e-01 1.153000000000000015e-06 -2.287000000000000000e+03 4.132000000000000000e+03 1.591999999999999886e+02 0.000000000000000000e+00 -6.578000000000000000e+03
0.000000000000000000e+00 1.178410000000000048e-02 7.419740000000000224e-01 5.117000000000000437e-01 7.419999999999999929e-01 -5.764999999999999676e-08 -2.551000000000000000e+03 4.240000000000000000e+03 1.666999999999999886e+02 0.000000000000000000e+00 -6.958000000000000000e+03
0.000000000000000000e+00 1.223409999999999949e-02 7.532860000000000111e-01 4.946999999999999731e-01 7.532999999999999696e-01 7.106000000000000235e-07 -2.819000000000000000e+03 4.341000000000000000e+03 1.740000000000000000e+02 0.000000000000000000e+00 -7.334000000000000000e+03
0.000000000000000000e+00 1.268410000000000024e-02 7.645239999999999814e-01 4.777000000000000135e-01 7.644999999999999574e-01 1.869000000000000020e-06 -3.091000000000000000e+03 4.445000000000000000e+03 1.815999999999999943e+02 0.000000000000000000e+00 -7.717000000000000000e+03
0.000000000000000000e+00 1.313409999999999925e-02 7.743100000000000538e-01 4.627999999999999892e-01 7.742999999999999883e-01 1.026000000000000002e-06 -3.366000000000000000e+03 4.538000000000000000e+03 1.885000000000000000e+02 0.000000000000000000e+00 -8.093000000000000000e+03
0.000000000000000000e+00 1.358409999999999999e-02 7.839249999999999829e-01 4.480000000000000093e-01 7.839000000000000412e-01 1.605000000000000091e-06 -3.645000000000000000e+03 4.633000000000000000e+03 1.956999999999999886e+02 0.000000000000000000e+00 -8.474000000000000000e+03
0.000000000000000000e+00 1.403410000000000074e-02 7.922230000000000105e-01 4.354000000000000092e-01 7.922000000000000153e-01 1.323000000000000081e-06 -3.928000000000000000e+03 4.718000000000000000e+03 2.019000000000000057e+02 0.000000000000000000e+00 -8.848000000000000000e+03
0.000000000000000000e+00 1.448409999999999975e-02 8.005130000000000301e-01 4.224999999999999867e-01 8.004999999999999893e-01 6.521999999999999771e-07 -4.213000000000000000e+03 4.805000000000000000e+03 2.086999999999999886e+02 0.000000000000000000e+00 -9.227000000000000000e+03
0.000000000000000000e+00 1.493410000000000050e-02 8.077879999999999505e-01 4.109999999999999765e-01 8.077999999999999625e-01 1.363999999999999985e-06 -4.501000000000000000e+03 4.884000000000000000e+03 2.150000000000000000e+02 0.000000000000000000e+00 -9.600000000000000000e+03
0.000000000000000000e+00 1.538409999999999951e-02 8.149629999999999930e-01 3.996999999999999997e-01 8.149999999999999467e-01 1.154999999999999953e-06 -4.792000000000000000e+03 4.964000000000000000e+03 2.213000000000000114e+02 0.000000000000000000e+00 -9.977000000000000000e+03
0.000000000000000000e+00 1.583410000000000026e-02 8.215689999999999937e-01 3.890000000000000124e-01 8.215999999999999970e-01 2.692999999999999881e-06 -5.085000000000000000e+03 5.040000000000000000e+03 2.276999999999999886e+02 0.000000000000000000e+00 -1.035000000000000000e+04
0.000000000000000000e+00 1.628409999999999927e-02 8.277619999999999978e-01 3.791999999999999815e-01 8.277999999999999803e-01 -5.170999999999999915e-07 -5.380000000000000000e+03 5.113000000000000000e+03 2.335999999999999943e+02 0.000000000000000000e+00 -1.073000000000000000e+04
0.000000000000000000e+00 1.673409999999999828e-02 8.335599999999999676e-01 3.696999999999999731e-01 8.336000000000000076e-01 1.216999999999999952e-06 -5.678000000000000000e+03 5.183000000000000000e+03 2.395000000000000000e+02 0.000000000000000000e+00 -1.110000000000000000e+04
0.000000000000000000e+00 1.718410000000000076e-02 8.394530000000000047e-01 3.599999999999999867e-01 8.395000000000000240e-01 4.125000000000000210e-07 -5.977000000000000000e+03 5.256000000000000000e+03 2.459000000000000057e+02 0.000000000000000000e+00 -1.148000000000000000e+04
0.000000000000000000e+00 1.763409999999999977e-02 8.443209999999999882e-01 3.521000000000000241e-01 8.443000000000000504e-01 4.298999999999999836e-06 -6.279000000000000000e+03 5.318000000000000000e+03 2.510000000000000000e+02 0.000000000000000000e+00 -1.185000000000000000e+04
0.000000000000000000e+00 1.808409999999999879e-02 8.493450000000000166e-01 3.437999999999999945e-01 8.493000000000000549e-01 8.107999999999999282e-06 -6.582000000000000000e+03 5.384000000000000000e+03 2.566999999999999886e+02 0.000000000000000000e+00 -1.222000000000000000e+04
0.000000000000000000e+00 1.853410000000000127e-02 8.539459999999999829e-01 3.360000000000000209e-01 8.538999999999999924e-01 2.719999999999999792e-06 -6.887000000000000000e+03 5.445000000000000000e+03 2.623000000000000114e+02 0.000000000000000000e+00 -1.259000000000000000e+04
0.000000000000000000e+00 1.898410000000000028e-02 8.585209999999999786e-01 3.282999999999999807e-01 8.585000000000000409e-01 -6.088999999999999639e-06 -7.194000000000000000e+03 5.508000000000000000e+03 2.680000000000000000e+02 0.000000000000000000e+00 -1.297000000000000000e+04
0.000000000000000000e+00 1.943409999999999929e-02 8.626470000000000526e-01 3.214000000000000190e-01 8.626000000000000334e-01 -4.735000000000000405e-06 -7.502000000000000000e+03 5.566000000000000000e+03 2.728999999999999773e+02 0.000000000000000000e+00 -1.334000000000000000e+04
0.000000000000000000e+00 1.988409999999999830e-02 8.666030000000000122e-01 3.145000000000000018e-01 8.666000000000000369e-01 2.746000000000000051e-06 -7.812000000000000000e+03 5.623000000000000000e+03 2.781000000000000227e+02 0.000000000000000000e+00 -1.371000000000000000e+04
0.000000000000000000e+00 2.033410000000000079e-02 8.703220000000000400e-01 3.081999999999999740e-01 8.702999999999999625e-01 7.242999999999999940e-06 -8.123000000000000000e+03 5.677000000000000000e+03 2.828999999999999773e+02 0.000000000000000000e+00 -1.408000000000000000e+04
0.000000000000000000e+00 2.078409999999999980e-02 8.740529999999999688e-01 3.018000000000000127e-01 8.740999999999999881e-01 3.758999999999999924e-06 -8.435000000000000000e+03 5.733000000000000000e+03 2.880000000000000000e+02 0.000000000000000000e+00 -1.446000000000000000e+04
0.000000000000000000e+00 2.123409999999999881e-02 8.774800000000000377e-01 2.958999999999999964e-01 8.774999999999999467e-01 1.774000000000000083e-06 -8.749000000000000000e+03 5.786000000000000000e+03 2.926000000000000227e+02 0.000000000000000000e+00 -1.483000000000000000e+04
0.000000000000000000e+00 2.168410000000000129e-02 8.807859999999999578e-01 2.899999999999999800e-01 8.808000000000000274e-01 -3.614000000000000042e-06 -9.064000000000000000e+03 5.838000000000000000e+03 2.975000000000000000e+02 0.000000000000000000e+00 -1.520000000000000000e+04
0.000000000000000000e+00 2.213410000000000030e-02 8.838939999999999575e-01 2.847000000000000086e-01 8.839000000000000190e-01 -2.847000000000000016e-06 -9.380000000000000000e+03 5.887000000000000000e+03 3.018000000000000114e+02 0.000000000000000000e+00 -1.557000000000000000e+04
0.000000000000000000e+00 2.258409999999999931e-02 8.868719999999999937e-01 2.793999999999999817e-01 8.869000000000000217e-01 -6.167000000000000417e-06 -9.697000000000000000e+03 5.936000000000000000e+03 3.061999999999999886e+02 0.000000000000000000e+00 -1.594000000000000000e+04
0.000000000000000000e+00 2.303409999999999833e-02 8.899629999999999486e-01 2.741000000000000103e-01 8.900000000000000133e-01 4.617999999999999662e-06 -1.001000000000000000e+04 5.987000000000000000e+03 3.106999999999999886e+02 0.000000000000000000e+00 -1.631000000000000000e+04
0.000000000000000000e+00 2.348410000000000081e-02 8.925880000000000480e-01 2.692999999999999838e-01 8.925999999999999490e-01 -8.008000000000000239e-06 -1.033000000000000000e+04 6.032000000000000000e+03 3.146999999999999886e+02 0.000000000000000000e+00 -1.668000000000000000e+04
0.000000000000000000e+00 2.393409999999999982e-02 8.952430000000000110e-01 2.645000000000000129e-01 8.951999999999999957e-01 6.267000000000000306e-06 -1.065000000000000000e+04 6.077000000000000000e+03 3.191999999999999886e+02 0.000000000000000000e+00 -1.705000000000000000e+04
0.000000000000000000e+00 2.438409999999999883e-02 8.979319999999999524e-01 2.596999999999999864e-01 8.979000000000000314e-01 6.778000000000000157e-06 -1.098000000000000000e+04 6.125000000000000000e+03 3.233000000000000114e+02 0.000000000000000000e+00 -1.742000000000000000e+04
0.000000000000000000e+00 2.483410000000000131e-02 9.002069999999999794e-01 2.556999999999999829e-01 9.002000000000000002e-01 3.283999999999999813e-06 -1.130000000000000000e+04 6.166000000000000000e+03 3.266000000000000227e+02 0.000000000000000000e+00 -1.779000000000000000e+04
0.000000000000000000e+00 2.528410000000000032e-02 9.026680000000000259e-01 2.510999999999999899e-01 9.026999999999999469e-01 1.278000000000000088e-06 -1.162000000000000000e+04 6.211000000000000000e+03 3.308999999999999773e+02 0.000000000000000000e+00 -1.816000000000000000e+04
0.000000000000000000e+00 2.573409999999999934e-02 9.049549999999999539e-01 2.469000000000000083e-01 9.050000000000000266e-01 1.805999999999999946e-06 -1.194000000000000000e+04 6.253000000000000000e+03 3.348000000000000114e+02 0.000000000000000000e+00 -1.853000000000000000e+04
0.000000000000000000e+00 2.618409999999999835e-02 9.072890000000000121e-01 2.426999999999999991e-01 9.072999999999999954e-01 -1.601000000000000003e-06 -1.227000000000000000e+04 6.298000000000000000e+03 3.385000000000000000e+02 0.000000000000000000e+00 -1.890000000000000000e+04
0.000000000000000000e+00 2.663410000000000083e-02 9.093820000000000237e-01 2.388000000000000123e-01 9.093999999999999861e-01 -1.489000000000000059e-06 -1.259000000000000000e+04 6.338000000000000000e+03 3.418999999999999773e+02 0.000000000000000000e+00 -1.927000000000000000e+04
0.000000000000000000e+00 2.708409999999999984e-02 9.112040000000000139e-01 2.356000000000000039e-01 9.112000000000000099e-01 2.199000000000000037e-06 -1.292000000000000000e+04 6.375000000000000000e+03 3.448000000000000114e+02 0.000000000000000000e+00 -1.964000000000000000e+04
0.000000000000000000e+00 2.753409999999999885e-02 9.133879999999999777e-01 2.313999999999999946e-01 9.133999999999999897e-01 -2.338999999999999967e-06 -1.325000000000000000e+04 6.418000000000000000e+03 3.488000000000000114e+02 0.000000000000000000e+00 -2.001000000000000000e+04
0.000000000000000000e+00 2.798410000000000133e-02 9.152649999999999952e-01 2.280000000000000082e-01 9.153000000000000025e-01 2.698999999999999909e-06 -1.357000000000000000e+04 6.457000000000000000e+03 3.516000000000000227e+02 0.000000000000000000e+00 -2.038000000000000000e+04
0.000000000000000000e+00 2.843410000000000035e-02 9.170580000000000398e-01 2.247000000000000108e-01 9.171000000000000263e-01 -1.160000000000000075e-05 -1.390000000000000000e+04 6.494000000000000000e+03 3.546000000000000227e+02 0.000000000000000000e+00 -2.075000000000000000e+04
0.000000000000000000e+00 2.888409999999999936e-02 9.189979999999999816e-01 2.210000000000000020e-01 9.190000000000000391e-01 4.444000000000000142e-06 -1.423000000000000000e+04 6.534000000000000000e+03 3.581999999999999886e+02 0.000000000000000000e+00 -2.112000000000000000e+04
0.000000000000000000e+00 2.933409999999999837e-02 9.206290000000000306e-01 2.179999999999999993e-01 9.205999999999999739e-01 3.369999999999999922e-06 -1.456000000000000000e+04 6.570000000000000000e+03 3.608000000000000114e+02 0.000000000000000000e+00 -2.149000000000000000e+04
0.000000000000000000e+00 2.978410000000000085e-02 9.223500000000000032e-01 2.147999999999999909e-01 9.223000000000000087e-01 6.693000000000000124e-06 -1.489000000000000000e+04 6.607000000000000000e+03 3.636999999999999886e+02 0.000000000000000000e+00 -2.186000000000000000e+04
0.000000000000000000e+00 3.023409999999999986e-02 9.239549999999999708e-01 2.116999999999999993e-01 9.240000000000000435e-01 6.843999999999999610e-07 -1.522000000000000000e+04 6.643000000000000000e+03 3.666000000000000227e+02 0.000000000000000000e+00 -2.223000000000000000e+04
0.000000000000000000e+00 3.068409999999999888e-02 9.255060000000000509e-01 2.086999999999999966e-01 9.254999999999999893e-01 -8.365000000000000379e-06 -1.555000000000000000e+04 6.677000000000000000e+03 3.691999999999999886e+02 0.000000000000000000e+00 -2.260000000000000000e+04
1.200000000000000000e+01 3.113410000000000136e-02 9.271160000000000512e-01 2.056999999999999940e-01 9.271000000000000352e-01 -1.185999999999999995e-05 -1.588000000000000000e+04 6.714000000000000000e+03 3.718999999999999773e+02 0.000000000000000000e+00 -2.297000000000000000e+04
